% time	cellId	IMSI	RNTI	layer	mcs	size	rv	ndi	correct	avrgSinrPerRb
2240	0	2	1	0	8	29	0	1	1	2.13373e+07
2240	0	3	1	0	8	29	0	1	1	6.23653e+06
2240	0	4	1	0	8	29	0	1	1	1.70506e+07
2240	0	5	1	0	8	29	0	1	1	4.15374e+06
2240	0	6	1	0	8	29	0	1	1	6.28558e+06
2240	0	7	1	0	8	29	0	1	1	5.46974e+08
2240	0	8	1	0	8	29	0	1	1	3.76424e+06
2240	0	9	1	0	8	29	0	1	1	1.45812e+07
2240	0	10	1	0	8	29	0	1	1	9.98661e+06
2244	0	1	2	0	8	29	0	1	1	2.13373e+07
2244	0	1	9	0	8	29	0	1	0	8.81766
2244	0	1	5	0	8	29	0	1	0	0.715561
2244	0	3	2	0	8	29	0	1	1	2.04847e+07
2244	0	3	9	0	8	29	0	1	0	3.05843
2244	0	3	5	0	8	29	0	1	0	2.06301
2244	0	4	2	0	8	29	0	1	1	4.75478e+06
2244	0	4	9	0	8	29	0	1	0	9.81376
2244	0	4	5	0	8	29	0	1	0	0.64293
2244	0	6	2	0	8	29	0	1	1	8.27134e+06
2244	0	6	5	0	8	29	0	1	0	14.6823
2244	0	6	9	0	8	29	0	1	0	0.429739
2244	0	7	2	0	8	29	0	1	1	1.52535e+07
2244	0	7	9	0	8	29	0	1	0	11.4351
2244	0	7	5	0	8	29	0	1	0	0.551772
2244	0	8	2	0	8	29	0	1	1	3.68704e+06
2244	0	8	5	0	8	29	0	1	0	7.92477
2244	0	8	9	0	8	29	0	1	0	0.796182
2244	0	10	2	0	8	29	0	1	1	5.98342e+06
2244	0	10	9	0	8	29	0	1	0	198.959
2244	0	10	5	0	8	29	0	1	0	0.0317129
2248	0	1	4	0	8	29	0	1	1	1.70506e+07
2248	0	2	4	0	8	29	0	1	1	4.75478e+06
2248	0	3	4	0	8	29	0	1	1	2.54113e+06
2248	0	5	4	0	8	29	0	1	1	1.95183e+06
2248	0	6	4	0	8	29	0	1	1	3.1415e+06
2248	0	7	4	0	8	29	0	1	1	2.41875e+07
2248	0	8	4	0	8	29	0	1	1	2.64221e+06
2248	0	9	4	0	8	29	0	1	1	7.62567e+06
2248	0	10	4	0	8	29	0	1	1	7.61355e+06
2252	0	1	10	0	8	29	0	1	1	9.98661e+06
2252	0	2	10	0	8	29	0	1	1	5.98342e+06
2252	0	3	10	0	8	29	0	1	1	5.19314e+06
2252	0	4	10	0	8	29	0	1	1	7.61355e+06
2252	0	5	10	0	8	29	0	1	1	1.89993e+06
2252	0	6	10	0	8	29	0	1	1	2.02101e+06
2252	0	7	10	0	8	29	0	1	1	1.14549e+07
2252	0	8	10	0	8	29	0	1	1	1.44562e+06
2252	0	9	10	0	8	29	0	1	1	1.50488e+08
2256	0	1	7	0	8	29	0	1	0	364.997
2256	0	1	6	0	8	29	0	1	0	2.53164
2256	0	1	3	0	8	29	0	1	0	2.49228
2256	0	1	8	0	8	29	0	1	0	0.0172866
2256	0	2	7	0	8	29	0	1	0	10.3918
2256	0	2	3	0	8	29	0	1	0	6.22092
2256	0	2	6	0	8	29	0	1	0	1.01425
2256	0	2	8	0	8	29	0	1	0	0.607167
2256	0	4	7	0	8	29	0	1	0	22.9945
2256	0	4	6	0	8	29	0	1	0	3.10534
2256	0	4	3	0	8	29	0	1	0	2.03184
2256	0	4	8	0	8	29	0	1	0	0.274395
2256	0	5	6	0	8	29	0	1	0	5.84722
2256	0	5	8	0	8	29	0	1	0	3.78311
2256	0	5	7	0	8	29	0	1	0	1.66783
2256	0	5	3	0	8	29	0	1	0	1.07907
2256	0	9	7	0	8	29	0	1	0	23.954
2256	0	9	3	0	8	29	0	1	0	7.67968
2256	0	9	6	0	8	29	0	1	0	0.821593
2256	0	9	8	0	8	29	0	1	0	0.263403
2256	0	10	7	0	8	29	0	1	0	19.9039
2256	0	10	3	0	8	29	0	1	0	6.45447
2256	0	10	6	0	8	29	0	1	0	0.977549
2256	0	10	8	0	8	29	0	1	0	0.317001
2560	0	1	2	0	8	29	0	1	1	2.13373e+07
2560	0	1	8	0	8	29	0	1	1	3.76424e+06
2560	0	1	7	0	8	29	0	1	0	220.305
2560	0	1	3	0	8	29	0	1	0	0.0286402
2560	0	4	2	0	8	29	0	1	1	4.75478e+06
2560	0	4	8	0	8	29	0	1	1	2.64221e+06
2560	0	4	7	0	8	29	0	1	0	23.9091
2560	0	4	3	0	8	29	0	1	0	0.263898
2560	0	5	2	0	8	29	0	1	1	9.95737e+06
2560	0	5	8	0	8	29	0	1	1	5.29492e+06
2560	0	5	3	0	8	29	0	1	0	4.45604
2560	0	5	7	0	8	29	0	1	0	1.41596
2560	0	6	8	0	8	29	0	1	1	2.80759e+07
2560	0	6	2	0	8	29	0	1	1	8.27134e+06
2560	0	6	7	0	8	29	0	1	0	3.84824
2560	0	6	3	0	8	29	0	1	0	1.6396
2560	0	9	2	0	8	29	0	1	1	9.23615e+06
2560	0	9	8	0	8	29	0	1	1	1.67831e+06
2560	0	9	7	0	8	29	0	1	0	5.29411
2560	0	9	3	0	8	29	0	1	0	1.19181
2560	0	10	2	0	8	29	0	1	1	5.98342e+06
2560	0	10	8	0	8	29	0	1	1	1.44562e+06
2560	0	10	7	0	8	29	0	1	0	5.54066
2560	0	10	3	0	8	29	0	1	0	1.13878
2564	0	2	1	0	8	29	0	1	1	2.13373e+07
2564	0	2	6	0	8	29	0	1	1	8.27134e+06
2564	0	3	1	0	8	29	0	1	1	6.23653e+06
2564	0	3	6	0	8	29	0	1	1	3.4633e+06
2564	0	4	1	0	8	29	0	1	1	1.70506e+07
2564	0	4	6	0	8	29	0	1	1	3.1415e+06
2564	0	5	6	0	8	29	0	1	1	1.45181e+07
2564	0	5	1	0	8	29	0	1	1	4.15374e+06
2564	0	7	1	0	8	29	0	1	1	5.46974e+08
2564	0	7	6	0	8	29	0	1	1	5.30581e+06
2564	0	8	6	0	8	29	0	1	1	2.80759e+07
2564	0	8	1	0	8	29	0	1	1	3.76424e+06
2564	0	9	1	0	8	29	0	1	1	1.45812e+07
2564	0	9	6	0	8	29	0	1	1	2.48379e+06
2564	0	10	1	0	8	29	0	1	1	9.98661e+06
2564	0	10	6	0	8	29	0	1	1	2.02101e+06
2568	0	1	4	0	8	29	0	1	1	1.70506e+07
2568	0	1	10	0	8	29	0	1	1	9.98661e+06
2568	0	2	10	0	8	29	0	1	1	5.98342e+06
2568	0	2	4	0	8	29	0	1	1	4.75478e+06
2568	0	3	10	0	8	29	0	1	1	5.19314e+06
2568	0	3	4	0	8	29	0	1	1	2.54113e+06
2568	0	5	4	0	8	29	0	1	1	1.95183e+06
2568	0	5	10	0	8	29	0	1	1	1.89993e+06
2568	0	6	4	0	8	29	0	1	1	3.1415e+06
2568	0	6	10	0	8	29	0	1	1	2.02101e+06
2568	0	7	4	0	8	29	0	1	1	2.41875e+07
2568	0	7	10	0	8	29	0	1	1	1.14549e+07
2568	0	8	4	0	8	29	0	1	1	2.64221e+06
2568	0	8	10	0	8	29	0	1	1	1.44562e+06
2568	0	9	10	0	8	29	0	1	1	1.50488e+08
2568	0	9	4	0	8	29	0	1	1	7.62567e+06
2572	0	1	5	0	8	29	0	1	1	4.15374e+06
2572	0	2	5	0	8	29	0	1	1	9.95737e+06
2572	0	3	5	0	8	29	0	1	1	6.23678e+06
2572	0	4	5	0	8	29	0	1	1	1.95183e+06
2572	0	6	5	0	8	29	0	1	1	1.45181e+07
2572	0	7	5	0	8	29	0	1	1	3.51569e+06
2572	0	8	5	0	8	29	0	1	1	5.29492e+06
2572	0	9	5	0	8	29	0	1	1	2.40221e+06
2572	0	10	5	0	8	29	0	1	1	1.89993e+06
2576	0	1	9	0	8	29	0	1	1	1.45812e+07
2576	0	2	9	0	8	29	0	1	1	9.23615e+06
2576	0	3	9	0	8	29	0	1	1	7.59379e+06
2576	0	4	9	0	8	29	0	1	1	7.62567e+06
2576	0	5	9	0	8	29	0	1	1	2.40221e+06
2576	0	6	9	0	8	29	0	1	1	2.48379e+06
2576	0	7	9	0	8	29	0	1	1	1.60048e+07
2576	0	8	9	0	8	29	0	1	1	1.67831e+06
2576	0	10	9	0	8	29	0	1	1	1.50488e+08
2880	0	1	3	0	8	29	0	1	1	6.23653e+06
2880	0	2	3	0	8	29	0	1	1	2.04847e+07
2880	0	4	3	0	8	29	0	1	1	2.54113e+06
2880	0	5	3	0	8	29	0	1	1	6.23678e+06
2880	0	6	3	0	8	29	0	1	1	3.4633e+06
2880	0	7	3	0	8	29	0	1	1	5.40751e+06
2880	0	8	3	0	8	29	0	1	1	1.91882e+06
2880	0	9	3	0	8	29	0	1	1	7.59379e+06
2880	0	10	3	0	8	29	0	1	1	5.19314e+06
2884	0	2	1	0	8	29	0	1	1	2.13373e+07
2884	0	2	7	0	8	29	0	1	1	1.52535e+07
2884	0	2	5	0	8	29	0	1	1	9.95737e+06
2884	0	3	5	0	8	29	0	1	1	6.23678e+06
2884	0	3	1	0	8	29	0	1	1	6.23653e+06
2884	0	3	7	0	8	29	0	1	1	5.40751e+06
2884	0	4	7	0	8	29	0	1	1	2.41875e+07
2884	0	4	1	0	8	29	0	1	1	1.70506e+07
2884	0	4	5	0	8	29	0	1	1	1.95183e+06
2884	0	6	5	0	8	29	0	1	1	1.45181e+07
2884	0	6	1	0	8	29	0	1	1	6.28558e+06
2884	0	6	7	0	8	29	0	1	1	5.30581e+06
2884	0	8	5	0	8	29	0	1	1	5.29492e+06
2884	0	8	1	0	8	29	0	1	1	3.76424e+06
2884	0	8	7	0	8	29	0	1	1	3.41546e+06
2884	0	9	7	0	8	29	0	1	1	1.60048e+07
2884	0	9	1	0	8	29	0	1	1	1.45812e+07
2884	0	9	5	0	8	29	0	1	1	2.40221e+06
2884	0	10	7	0	8	29	0	1	1	1.14549e+07
2884	0	10	1	0	8	29	0	1	1	9.98661e+06
2884	0	10	5	0	8	29	0	1	1	1.89993e+06
2888	0	1	10	0	8	29	0	1	1	9.98661e+06
2888	0	2	10	0	8	29	0	1	1	5.98342e+06
2888	0	3	10	0	8	29	0	1	1	5.19314e+06
2888	0	4	10	0	8	29	0	1	1	7.61355e+06
2888	0	5	10	0	8	29	0	1	1	1.89993e+06
2888	0	6	10	0	8	29	0	1	1	2.02101e+06
2888	0	7	10	0	8	29	0	1	1	1.14549e+07
2888	0	8	10	0	8	29	0	1	1	1.44562e+06
2888	0	9	10	0	8	29	0	1	1	1.50488e+08
2892	0	1	8	0	8	29	0	1	1	3.76424e+06
2892	0	1	4	0	8	29	0	1	0	6.81388
2892	0	1	6	0	8	29	0	1	0	0.925988
2892	0	2	8	0	8	29	0	1	1	3.68704e+06
2892	0	2	6	0	8	29	0	1	0	4.36964
2892	0	2	4	0	8	29	0	1	0	1.44396
2892	0	3	8	0	8	29	0	1	1	1.91882e+06
2892	0	3	6	0	8	29	0	1	0	3.42343
2892	0	3	4	0	8	29	0	1	0	1.84305
2892	0	5	8	0	8	29	0	1	1	5.29492e+06
2892	0	5	6	0	8	29	0	1	0	18.6839
2892	0	5	4	0	8	29	0	1	0	0.337701
2892	0	7	8	0	8	29	0	1	1	3.41546e+06
2892	0	7	4	0	8	29	0	1	0	11.4509
2892	0	7	6	0	8	29	0	1	0	0.551011
2892	0	9	8	0	8	29	0	1	1	1.67831e+06
2892	0	9	4	0	8	29	0	1	0	7.71192
2892	0	9	6	0	8	29	0	1	0	0.818158
2892	0	10	8	0	8	29	0	1	1	1.44562e+06
2892	0	10	4	0	8	29	0	1	0	9.46275
2892	0	10	6	0	8	29	0	1	0	0.666779
2896	0	1	2	0	8	29	0	1	1	2.13373e+07
2896	0	1	9	0	8	29	0	1	1	1.45812e+07
2896	0	3	2	0	8	29	0	1	1	2.04847e+07
2896	0	3	9	0	8	29	0	1	1	7.59379e+06
2896	0	4	9	0	8	29	0	1	1	7.62567e+06
2896	0	4	2	0	8	29	0	1	1	4.75478e+06
2896	0	5	2	0	8	29	0	1	1	9.95737e+06
2896	0	5	9	0	8	29	0	1	1	2.40221e+06
2896	0	6	2	0	8	29	0	1	1	8.27134e+06
2896	0	6	9	0	8	29	0	1	1	2.48379e+06
2896	0	7	9	0	8	29	0	1	1	1.60048e+07
2896	0	7	2	0	8	29	0	1	1	1.52535e+07
2896	0	8	2	0	8	29	0	1	1	3.68704e+06
2896	0	8	9	0	8	29	0	1	1	1.67831e+06
2896	0	10	9	0	8	29	0	1	1	1.50488e+08
2896	0	10	2	0	8	29	0	1	1	5.98342e+06
3200	0	1	3	0	8	29	0	1	1	6.23653e+06
3200	0	2	3	0	8	29	0	1	1	2.04847e+07
3200	0	4	3	0	8	29	0	1	1	2.54113e+06
3200	0	5	3	0	8	29	0	1	1	6.23678e+06
3200	0	6	3	0	8	29	0	1	1	3.4633e+06
3200	0	7	3	0	8	29	0	1	1	5.40751e+06
3200	0	8	3	0	8	29	0	1	1	1.91882e+06
3200	0	9	3	0	8	29	0	1	1	7.59379e+06
3200	0	10	3	0	8	29	0	1	1	5.19314e+06
3204	0	2	7	0	8	29	0	1	1	1.52535e+07
3204	0	2	1	0	8	29	0	1	0	5.80296
3204	0	2	9	0	8	29	0	1	0	1.0873
3204	0	3	7	0	8	29	0	1	1	5.40751e+06
3204	0	3	9	0	8	29	0	1	0	3.05855
3204	0	3	1	0	8	29	0	1	0	2.06293
3204	0	4	7	0	8	29	0	1	1	2.41875e+07
3204	0	4	1	0	8	29	0	1	0	5.61645
3204	0	4	9	0	8	29	0	1	0	1.12341
3204	0	5	7	0	8	29	0	1	1	3.51569e+06
3204	0	5	1	0	8	29	0	1	0	4.34338
3204	0	5	9	0	8	29	0	1	0	1.45269
3204	0	6	7	0	8	29	0	1	1	5.30581e+06
3204	0	6	1	0	8	29	0	1	0	6.35667
3204	0	6	9	0	8	29	0	1	0	0.992589
3204	0	8	7	0	8	29	0	1	1	3.41546e+06
3204	0	8	1	0	8	29	0	1	0	5.63384
3204	0	8	9	0	8	29	0	1	0	1.11994
3204	0	10	7	0	8	29	0	1	1	1.14549e+07
3204	0	10	9	0	8	29	0	1	0	37.8515
3204	0	10	1	0	8	29	0	1	0	0.166693
3208	0	1	2	0	8	29	0	1	1	2.13373e+07
3208	0	1	4	0	8	29	0	1	0	2.63205
3208	0	1	10	0	8	29	0	1	0	1.07495
3208	0	1	6	0	8	29	0	1	0	0.58396
3208	0	3	2	0	8	29	0	1	1	2.04847e+07
3208	0	3	10	0	8	29	0	1	0	2.17249
3208	0	3	6	0	8	29	0	1	0	1.12479
3208	0	3	4	0	8	29	0	1	0	0.737374
3208	0	5	2	0	8	29	0	1	1	9.95737e+06
3208	0	5	6	0	8	29	0	1	0	9.46784
3208	0	5	4	0	8	29	0	1	0	0.298621
3208	0	5	10	0	8	29	0	1	0	0.289765
3208	0	7	2	0	8	29	0	1	1	1.52535e+07
3208	0	7	4	0	8	29	0	1	0	3.62492
3208	0	7	10	0	8	29	0	1	0	0.975591
3208	0	7	6	0	8	29	0	1	0	0.373925
3208	0	8	2	0	8	29	0	1	1	3.68704e+06
3208	0	8	6	0	8	29	0	1	0	17.252
3208	0	8	4	0	8	29	0	1	0	0.224817
3208	0	8	10	0	8	29	0	1	0	0.118211
3208	0	9	2	0	8	29	0	1	1	9.23615e+06
3208	0	9	10	0	8	29	0	1	0	37.3915
3208	0	9	4	0	8	29	0	1	0	0.125218
3208	0	9	6	0	8	29	0	1	0	0.039459
3212	0	1	5	0	8	29	0	1	1	4.15374e+06
3212	0	1	8	0	8	29	0	1	1	3.76424e+06
3212	0	2	5	0	8	29	0	1	1	9.95737e+06
3212	0	2	8	0	8	29	0	1	1	3.68704e+06
3212	0	3	5	0	8	29	0	1	1	6.23678e+06
3212	0	3	8	0	8	29	0	1	1	1.91882e+06
3212	0	4	8	0	8	29	0	1	1	2.64221e+06
3212	0	4	5	0	8	29	0	1	1	1.95183e+06
3212	0	6	8	0	8	29	0	1	1	2.80759e+07
3212	0	6	5	0	8	29	0	1	1	1.45181e+07
3212	0	7	5	0	8	29	0	1	1	3.51569e+06
3212	0	7	8	0	8	29	0	1	1	3.41546e+06
3212	0	9	5	0	8	29	0	1	1	2.40221e+06
3212	0	9	8	0	8	29	0	1	1	1.67831e+06
3212	0	10	5	0	8	29	0	1	1	1.89993e+06
3212	0	10	8	0	8	29	0	1	1	1.44562e+06
3520	0	2	3	0	8	29	0	1	1	2.04847e+07
3520	0	2	1	0	8	29	0	1	0	5.80296
3520	0	2	9	0	8	29	0	1	0	1.0873
3520	0	4	3	0	8	29	0	1	1	2.54113e+06
3520	0	4	1	0	8	29	0	1	0	5.61645
3520	0	4	9	0	8	29	0	1	0	1.12341
3520	0	5	3	0	8	29	0	1	1	6.23678e+06
3520	0	5	1	0	8	29	0	1	0	4.34338
3520	0	5	9	0	8	29	0	1	0	1.45269
3520	0	6	3	0	8	29	0	1	1	3.4633e+06
3520	0	6	1	0	8	29	0	1	0	6.35667
3520	0	6	9	0	8	29	0	1	0	0.992589
3520	0	7	3	0	8	29	0	1	1	5.40751e+06
3520	0	7	1	0	8	29	0	1	0	85.8451
3520	0	7	9	0	8	29	0	1	0	0.0734995
3520	0	8	3	0	8	29	0	1	1	1.91882e+06
3520	0	8	1	0	8	29	0	1	0	5.63384
3520	0	8	9	0	8	29	0	1	0	1.11994
3520	0	10	3	0	8	29	0	1	1	5.19314e+06
3520	0	10	9	0	8	29	0	1	0	37.8515
3520	0	10	1	0	8	29	0	1	0	0.166693
3524	0	1	10	0	8	29	0	1	1	9.98661e+06
3524	0	1	6	0	8	29	0	1	1	6.28558e+06
3524	0	2	6	0	8	29	0	1	1	8.27134e+06
3524	0	2	10	0	8	29	0	1	1	5.98342e+06
3524	0	3	10	0	8	29	0	1	1	5.19314e+06
3524	0	3	6	0	8	29	0	1	1	3.4633e+06
3524	0	4	10	0	8	29	0	1	1	7.61355e+06
3524	0	4	6	0	8	29	0	1	1	3.1415e+06
3524	0	5	6	0	8	29	0	1	1	1.45181e+07
3524	0	5	10	0	8	29	0	1	1	1.89993e+06
3524	0	7	10	0	8	29	0	1	1	1.14549e+07
3524	0	7	6	0	8	29	0	1	1	5.30581e+06
3524	0	8	6	0	8	29	0	1	1	2.80759e+07
3524	0	8	10	0	8	29	0	1	1	1.44562e+06
3524	0	9	10	0	8	29	0	1	1	1.50488e+08
3524	0	9	6	0	8	29	0	1	1	2.48379e+06
3528	0	1	7	0	8	29	0	1	1	5.46974e+08
3528	0	2	7	0	8	29	0	1	1	1.52535e+07
3528	0	3	7	0	8	29	0	1	1	5.40751e+06
3528	0	4	7	0	8	29	0	1	1	2.41875e+07
3528	0	5	7	0	8	29	0	1	1	3.51569e+06
3528	0	6	7	0	8	29	0	1	1	5.30581e+06
3528	0	8	7	0	8	29	0	1	1	3.41546e+06
3528	0	9	7	0	8	29	0	1	1	1.60048e+07
3528	0	10	7	0	8	29	0	1	1	1.14549e+07
3536	0	1	2	0	8	29	0	1	1	2.13373e+07
3536	0	1	4	0	8	29	0	1	1	1.70506e+07
3536	0	1	5	0	8	29	0	1	1	4.15374e+06
3536	0	1	8	0	8	29	0	1	1	3.76424e+06
3536	0	3	2	0	8	29	0	1	1	2.04847e+07
3536	0	3	5	0	8	29	0	1	1	6.23678e+06
3536	0	3	4	0	8	29	0	1	1	2.54113e+06
3536	0	3	8	0	8	29	0	1	1	1.91882e+06
3536	0	6	8	0	8	29	0	1	1	2.80759e+07
3536	0	6	5	0	8	29	0	1	1	1.45181e+07
3536	0	6	2	0	8	29	0	1	1	8.27134e+06
3536	0	6	4	0	8	29	0	1	1	3.1415e+06
3536	0	7	4	0	8	29	0	1	1	2.41875e+07
3536	0	7	2	0	8	29	0	1	1	1.52535e+07
3536	0	7	5	0	8	29	0	1	1	3.51569e+06
3536	0	7	8	0	8	29	0	1	1	3.41546e+06
3536	0	9	2	0	8	29	0	1	1	9.23615e+06
3536	0	9	4	0	8	29	0	1	1	7.62567e+06
3536	0	9	5	0	8	29	0	1	1	2.40221e+06
3536	0	9	8	0	8	29	0	1	1	1.67831e+06
3536	0	10	4	0	8	29	0	1	1	7.61355e+06
3536	0	10	2	0	8	29	0	1	1	5.98342e+06
3536	0	10	5	0	8	29	0	1	1	1.89993e+06
3536	0	10	8	0	8	29	0	1	1	1.44562e+06
3840	0	1	8	0	8	29	0	1	1	3.76424e+06
3840	0	1	10	0	8	29	0	1	0	6.03919
3840	0	1	5	0	8	29	0	1	0	1.04477
3840	0	2	8	0	8	29	0	1	1	3.68704e+06
3840	0	2	5	0	8	29	0	1	0	4.18018
3840	0	2	10	0	8	29	0	1	0	1.5094
3840	0	3	8	0	8	29	0	1	1	1.91882e+06
3840	0	3	5	0	8	29	0	1	0	3.01668
3840	0	3	10	0	8	29	0	1	0	2.09156
3840	0	4	8	0	8	29	0	1	1	2.64221e+06
3840	0	4	10	0	8	29	0	1	0	9.79816
3840	0	4	5	0	8	29	0	1	0	0.643954
3840	0	6	8	0	8	29	0	1	1	2.80759e+07
3840	0	6	5	0	8	29	0	1	0	18.0443
3840	0	6	10	0	8	29	0	1	0	0.34967
3840	0	7	8	0	8	29	0	1	1	3.41546e+06
3840	0	7	10	0	8	29	0	1	0	8.18429
3840	0	7	5	0	8	29	0	1	0	0.770936
3840	0	9	8	0	8	29	0	1	1	1.67831e+06
3840	0	9	10	0	8	29	0	1	0	157.358
3840	0	9	5	0	8	29	0	1	0	0.0400968
3848	0	1	4	0	8	29	0	1	1	1.70506e+07
3848	0	1	6	0	8	29	0	1	1	6.28558e+06
3848	0	1	3	0	8	29	0	1	1	6.23653e+06
3848	0	2	3	0	8	29	0	1	1	2.04847e+07
3848	0	2	6	0	8	29	0	1	1	8.27134e+06
3848	0	2	4	0	8	29	0	1	1	4.75478e+06
3848	0	5	6	0	8	29	0	1	1	1.45181e+07
3848	0	5	3	0	8	29	0	1	1	6.23678e+06
3848	0	5	4	0	8	29	0	1	1	1.95183e+06
3848	0	7	4	0	8	29	0	1	1	2.41875e+07
3848	0	7	3	0	8	29	0	1	1	5.40751e+06
3848	0	7	6	0	8	29	0	1	1	5.30581e+06
3848	0	8	6	0	8	29	0	1	1	2.80759e+07
3848	0	8	4	0	8	29	0	1	1	2.64221e+06
3848	0	8	3	0	8	29	0	1	1	1.91882e+06
3848	0	9	4	0	8	29	0	1	1	7.62567e+06
3848	0	9	3	0	8	29	0	1	1	7.59379e+06
3848	0	9	6	0	8	29	0	1	1	2.48379e+06
3848	0	10	4	0	8	29	0	1	1	7.61355e+06
3848	0	10	3	0	8	29	0	1	1	5.19314e+06
3848	0	10	6	0	8	29	0	1	1	2.02101e+06
3852	0	1	7	0	8	29	0	1	1	5.46974e+08
3852	0	1	2	0	8	29	0	1	1	2.13373e+07
3852	0	1	9	0	8	29	0	1	1	1.45812e+07
3852	0	3	2	0	8	29	0	1	1	2.04847e+07
3852	0	3	9	0	8	29	0	1	1	7.59379e+06
3852	0	3	7	0	8	29	0	1	1	5.40751e+06
3852	0	4	7	0	8	29	0	1	1	2.41875e+07
3852	0	4	9	0	8	29	0	1	1	7.62567e+06
3852	0	4	2	0	8	29	0	1	1	4.75478e+06
3852	0	5	2	0	8	29	0	1	1	9.95737e+06
3852	0	5	7	0	8	29	0	1	1	3.51569e+06
3852	0	5	9	0	8	29	0	1	1	2.40221e+06
3852	0	6	2	0	8	29	0	1	1	8.27134e+06
3852	0	6	7	0	8	29	0	1	1	5.30581e+06
3852	0	6	9	0	8	29	0	1	1	2.48379e+06
3852	0	8	2	0	8	29	0	1	1	3.68704e+06
3852	0	8	7	0	8	29	0	1	1	3.41546e+06
3852	0	8	9	0	8	29	0	1	1	1.67831e+06
3852	0	10	9	0	8	29	0	1	1	1.50488e+08
3852	0	10	7	0	8	29	0	1	1	1.14549e+07
3852	0	10	2	0	8	29	0	1	1	5.98342e+06
3856	0	2	1	0	8	29	0	1	1	2.13373e+07
3856	0	3	1	0	8	29	0	1	1	6.23653e+06
3856	0	4	1	0	8	29	0	1	1	1.70506e+07
3856	0	5	1	0	8	29	0	1	1	4.15374e+06
3856	0	6	1	0	8	29	0	1	1	6.28558e+06
3856	0	7	1	0	8	29	0	1	1	5.46974e+08
3856	0	8	1	0	8	29	0	1	1	3.76424e+06
3856	0	9	1	0	8	29	0	1	1	1.45812e+07
3856	0	10	1	0	8	29	0	1	1	9.98661e+06
4160	0	1	2	0	8	29	0	1	1	2.13373e+07
4160	0	1	6	0	8	29	0	1	1	6.28558e+06
4160	0	3	2	0	8	29	0	1	1	2.04847e+07
4160	0	3	6	0	8	29	0	1	1	3.4633e+06
4160	0	4	2	0	8	29	0	1	1	4.75478e+06
4160	0	4	6	0	8	29	0	1	1	3.1415e+06
4160	0	5	6	0	8	29	0	1	1	1.45181e+07
4160	0	5	2	0	8	29	0	1	1	9.95737e+06
4160	0	7	2	0	8	29	0	1	1	1.52535e+07
4160	0	7	6	0	8	29	0	1	1	5.30581e+06
4160	0	8	6	0	8	29	0	1	1	2.80759e+07
4160	0	8	2	0	8	29	0	1	1	3.68704e+06
4160	0	9	2	0	8	29	0	1	1	9.23615e+06
4160	0	9	6	0	8	29	0	1	1	2.48379e+06
4160	0	10	2	0	8	29	0	1	1	5.98342e+06
4160	0	10	6	0	8	29	0	1	1	2.02101e+06
4164	0	1	3	0	8	29	0	1	1	6.23653e+06
4164	0	1	5	0	8	29	0	1	1	4.15374e+06
4164	0	2	3	0	8	29	0	1	1	2.04847e+07
4164	0	2	5	0	8	29	0	1	1	9.95737e+06
4164	0	4	3	0	8	29	0	1	1	2.54113e+06
4164	0	4	5	0	8	29	0	1	1	1.95183e+06
4164	0	6	5	0	8	29	0	1	1	1.45181e+07
4164	0	6	3	0	8	29	0	1	1	3.4633e+06
4164	0	7	3	0	8	29	0	1	1	5.40751e+06
4164	0	7	5	0	8	29	0	1	1	3.51569e+06
4164	0	8	5	0	8	29	0	1	1	5.29492e+06
4164	0	8	3	0	8	29	0	1	1	1.91882e+06
4164	0	9	3	0	8	29	0	1	1	7.59379e+06
4164	0	9	5	0	8	29	0	1	1	2.40221e+06
4164	0	10	3	0	8	29	0	1	1	5.19314e+06
4164	0	10	5	0	8	29	0	1	1	1.89993e+06
4172	0	2	10	0	8	29	0	1	1	5.98342e+06
4172	0	2	4	0	8	29	0	1	1	4.75478e+06
4172	0	2	8	0	8	29	0	1	1	3.68704e+06
4172	0	2	1	0	8	29	0	1	0	3.51375
4172	0	2	7	0	8	29	0	1	0	1.79568
4172	0	3	10	0	8	29	0	1	1	5.19314e+06
4172	0	3	4	0	8	29	0	1	1	2.54113e+06
4172	0	3	8	0	8	29	0	1	1	1.91882e+06
4172	0	3	1	0	8	29	0	1	0	2.89698
4172	0	3	7	0	8	29	0	1	0	2.17798
4172	0	5	8	0	8	29	0	1	1	5.29492e+06
4172	0	5	4	0	8	29	0	1	1	1.95183e+06
4172	0	5	10	0	8	29	0	1	1	1.89993e+06
4172	0	5	1	0	8	29	0	1	0	2.96776
4172	0	5	7	0	8	29	0	1	0	2.12604
4172	0	6	8	0	8	29	0	1	1	2.80759e+07
4172	0	6	4	0	8	29	0	1	1	3.1415e+06
4172	0	6	10	0	8	29	0	1	1	2.02101e+06
4172	0	6	1	0	8	29	0	1	0	2.97573
4172	0	6	7	0	8	29	0	1	0	2.12034
4172	0	9	10	0	8	29	0	1	1	1.50488e+08
4172	0	9	4	0	8	29	0	1	1	7.62567e+06
4172	0	9	8	0	8	29	0	1	1	1.67831e+06
4172	0	9	7	0	8	29	0	1	0	2.75714
4172	0	9	1	0	8	29	0	1	0	2.28845
4176	0	1	9	0	8	29	0	1	1	1.45812e+07
4176	0	2	9	0	8	29	0	1	1	9.23615e+06
4176	0	3	9	0	8	29	0	1	1	7.59379e+06
4176	0	4	9	0	8	29	0	1	1	7.62567e+06
4176	0	5	9	0	8	29	0	1	1	2.40221e+06
4176	0	6	9	0	8	29	0	1	1	2.48379e+06
4176	0	7	9	0	8	29	0	1	1	1.60048e+07
4176	0	8	9	0	8	29	0	1	1	1.67831e+06
4176	0	10	9	0	8	29	0	1	1	1.50488e+08
4480	0	2	1	0	8	29	0	1	1	2.13373e+07
4480	0	2	3	0	8	29	0	1	1	2.04847e+07
4480	0	2	9	0	8	29	0	1	1	9.23615e+06
4480	0	4	1	0	8	29	0	1	1	1.70506e+07
4480	0	4	9	0	8	29	0	1	1	7.62567e+06
4480	0	4	3	0	8	29	0	1	1	2.54113e+06
4480	0	5	3	0	8	29	0	1	1	6.23678e+06
4480	0	5	1	0	8	29	0	1	1	4.15374e+06
4480	0	5	9	0	8	29	0	1	1	2.40221e+06
4480	0	6	1	0	8	29	0	1	1	6.28558e+06
4480	0	6	3	0	8	29	0	1	1	3.4633e+06
4480	0	6	9	0	8	29	0	1	1	2.48379e+06
4480	0	7	1	0	8	29	0	1	1	5.46974e+08
4480	0	7	9	0	8	29	0	1	1	1.60048e+07
4480	0	7	3	0	8	29	0	1	1	5.40751e+06
4480	0	8	1	0	8	29	0	1	1	3.76424e+06
4480	0	8	3	0	8	29	0	1	1	1.91882e+06
4480	0	8	9	0	8	29	0	1	1	1.67831e+06
4480	0	10	9	0	8	29	0	1	1	1.50488e+08
4480	0	10	1	0	8	29	0	1	1	9.98661e+06
4480	0	10	3	0	8	29	0	1	1	5.19314e+06
4484	0	1	2	0	8	29	0	1	1	2.13373e+07
4484	0	1	4	0	8	29	0	1	1	1.70506e+07
4484	0	3	2	0	8	29	0	1	1	2.04847e+07
4484	0	3	4	0	8	29	0	1	1	2.54113e+06
4484	0	5	2	0	8	29	0	1	1	9.95737e+06
4484	0	5	4	0	8	29	0	1	1	1.95183e+06
4484	0	6	2	0	8	29	0	1	1	8.27134e+06
4484	0	6	4	0	8	29	0	1	1	3.1415e+06
4484	0	7	4	0	8	29	0	1	1	2.41875e+07
4484	0	7	2	0	8	29	0	1	1	1.52535e+07
4484	0	8	2	0	8	29	0	1	1	3.68704e+06
4484	0	8	4	0	8	29	0	1	1	2.64221e+06
4484	0	9	2	0	8	29	0	1	1	9.23615e+06
4484	0	9	4	0	8	29	0	1	1	7.62567e+06
4484	0	10	4	0	8	29	0	1	1	7.61355e+06
4484	0	10	2	0	8	29	0	1	1	5.98342e+06
4488	0	1	5	0	8	29	0	1	1	4.15374e+06
4488	0	2	5	0	8	29	0	1	1	9.95737e+06
4488	0	3	5	0	8	29	0	1	1	6.23678e+06
4488	0	4	5	0	8	29	0	1	1	1.95183e+06
4488	0	6	5	0	8	29	0	1	1	1.45181e+07
4488	0	7	5	0	8	29	0	1	1	3.51569e+06
4488	0	8	5	0	8	29	0	1	1	5.29492e+06
4488	0	9	5	0	8	29	0	1	1	2.40221e+06
4488	0	10	5	0	8	29	0	1	1	1.89993e+06
4492	0	1	7	0	8	29	0	1	1	5.46974e+08
4492	0	1	8	0	8	29	0	1	1	3.76424e+06
4492	0	2	7	0	8	29	0	1	1	1.52535e+07
4492	0	2	8	0	8	29	0	1	1	3.68704e+06
4492	0	3	7	0	8	29	0	1	1	5.40751e+06
4492	0	3	8	0	8	29	0	1	1	1.91882e+06
4492	0	4	7	0	8	29	0	1	1	2.41875e+07
4492	0	4	8	0	8	29	0	1	1	2.64221e+06
4492	0	5	8	0	8	29	0	1	1	5.29492e+06
4492	0	5	7	0	8	29	0	1	1	3.51569e+06
4492	0	6	8	0	8	29	0	1	1	2.80759e+07
4492	0	6	7	0	8	29	0	1	1	5.30581e+06
4492	0	9	7	0	8	29	0	1	1	1.60048e+07
4492	0	9	8	0	8	29	0	1	1	1.67831e+06
4492	0	10	7	0	8	29	0	1	1	1.14549e+07
4492	0	10	8	0	8	29	0	1	1	1.44562e+06
4496	0	1	10	0	8	29	0	1	1	9.98661e+06
4496	0	1	6	0	8	29	0	1	1	6.28558e+06
4496	0	2	6	0	8	29	0	1	1	8.27134e+06
4496	0	2	10	0	8	29	0	1	1	5.98342e+06
4496	0	3	10	0	8	29	0	1	1	5.19314e+06
4496	0	3	6	0	8	29	0	1	1	3.4633e+06
4496	0	4	10	0	8	29	0	1	1	7.61355e+06
4496	0	4	6	0	8	29	0	1	1	3.1415e+06
4496	0	5	6	0	8	29	0	1	1	1.45181e+07
4496	0	5	10	0	8	29	0	1	1	1.89993e+06
4496	0	7	10	0	8	29	0	1	1	1.14549e+07
4496	0	7	6	0	8	29	0	1	1	5.30581e+06
4496	0	8	6	0	8	29	0	1	1	2.80759e+07
4496	0	8	10	0	8	29	0	1	1	1.44562e+06
4496	0	9	10	0	8	29	0	1	1	1.50488e+08
4496	0	9	6	0	8	29	0	1	1	2.48379e+06
4800	0	1	3	0	8	29	0	1	1	6.23653e+06
4800	0	1	5	0	8	29	0	1	1	4.15374e+06
4800	0	2	3	0	8	29	0	1	1	2.04847e+07
4800	0	2	5	0	8	29	0	1	1	9.95737e+06
4800	0	4	3	0	8	29	0	1	1	2.54113e+06
4800	0	4	5	0	8	29	0	1	1	1.95183e+06
4800	0	6	5	0	8	29	0	1	1	1.45181e+07
4800	0	6	3	0	8	29	0	1	1	3.4633e+06
4800	0	7	3	0	8	29	0	1	1	5.40751e+06
4800	0	7	5	0	8	29	0	1	1	3.51569e+06
4800	0	8	5	0	8	29	0	1	1	5.29492e+06
4800	0	8	3	0	8	29	0	1	1	1.91882e+06
4800	0	9	3	0	8	29	0	1	1	7.59379e+06
4800	0	9	5	0	8	29	0	1	1	2.40221e+06
4800	0	10	3	0	8	29	0	1	1	5.19314e+06
4800	0	10	5	0	8	29	0	1	1	1.89993e+06
4804	0	1	9	0	8	29	0	1	1	1.45812e+07
4804	0	2	9	0	8	29	0	1	1	9.23615e+06
4804	0	3	9	0	8	29	0	1	1	7.59379e+06
4804	0	4	9	0	8	29	0	1	1	7.62567e+06
4804	0	5	9	0	8	29	0	1	1	2.40221e+06
4804	0	6	9	0	8	29	0	1	1	2.48379e+06
4804	0	7	9	0	8	29	0	1	1	1.60048e+07
4804	0	8	9	0	8	29	0	1	1	1.67831e+06
4804	0	10	9	0	8	29	0	1	1	1.50488e+08
4812	0	3	10	0	8	29	0	1	1	5.19314e+06
4812	0	3	6	0	8	29	0	1	1	3.4633e+06
4812	0	3	4	0	8	29	0	1	1	2.54113e+06
4812	0	3	8	0	8	29	0	1	1	1.91882e+06
4812	0	3	2	0	8	29	0	1	0	8.25063
4812	0	3	1	0	8	29	0	1	0	0.764738
4812	0	5	6	0	8	29	0	1	1	1.45181e+07
4812	0	5	8	0	8	29	0	1	1	5.29492e+06
4812	0	5	4	0	8	29	0	1	1	1.95183e+06
4812	0	5	10	0	8	29	0	1	1	1.89993e+06
4812	0	5	2	0	8	29	0	1	0	6.02151
4812	0	5	1	0	8	29	0	1	0	1.04784
4812	0	7	4	0	8	29	0	1	1	2.41875e+07
4812	0	7	10	0	8	29	0	1	1	1.14549e+07
4812	0	7	6	0	8	29	0	1	1	5.30581e+06
4812	0	7	8	0	8	29	0	1	1	3.41546e+06
4812	0	7	1	0	8	29	0	1	0	90.0736
4812	0	7	2	0	8	29	0	1	0	0.0700491
4812	0	9	10	0	8	29	0	1	1	1.50488e+08
4812	0	9	4	0	8	29	0	1	1	7.62567e+06
4812	0	9	6	0	8	29	0	1	1	2.48379e+06
4812	0	9	8	0	8	29	0	1	1	1.67831e+06
4812	0	9	1	0	8	29	0	1	0	3.96553
4812	0	9	2	0	8	29	0	1	0	1.5911
4816	0	1	7	0	8	29	0	1	1	5.46974e+08
4816	0	2	7	0	8	29	0	1	1	1.52535e+07
4816	0	3	7	0	8	29	0	1	1	5.40751e+06
4816	0	4	7	0	8	29	0	1	1	2.41875e+07
4816	0	5	7	0	8	29	0	1	1	3.51569e+06
4816	0	6	7	0	8	29	0	1	1	5.30581e+06
4816	0	8	7	0	8	29	0	1	1	3.41546e+06
4816	0	9	7	0	8	29	0	1	1	1.60048e+07
4816	0	10	7	0	8	29	0	1	1	1.14549e+07
5120	0	1	7	0	8	29	0	1	1	5.46974e+08
5120	0	1	2	0	8	29	0	1	1	2.13373e+07
5120	0	1	3	0	8	29	0	1	1	6.23653e+06
5120	0	4	7	0	8	29	0	1	1	2.41875e+07
5120	0	4	2	0	8	29	0	1	1	4.75478e+06
5120	0	4	3	0	8	29	0	1	1	2.54113e+06
5120	0	5	2	0	8	29	0	1	1	9.95737e+06
5120	0	5	3	0	8	29	0	1	1	6.23678e+06
5120	0	5	7	0	8	29	0	1	1	3.51569e+06
5120	0	6	2	0	8	29	0	1	1	8.27134e+06
5120	0	6	7	0	8	29	0	1	1	5.30581e+06
5120	0	6	3	0	8	29	0	1	1	3.4633e+06
5120	0	8	2	0	8	29	0	1	1	3.68704e+06
5120	0	8	7	0	8	29	0	1	1	3.41546e+06
5120	0	8	3	0	8	29	0	1	1	1.91882e+06
5120	0	9	7	0	8	29	0	1	1	1.60048e+07
5120	0	9	2	0	8	29	0	1	1	9.23615e+06
5120	0	9	3	0	8	29	0	1	1	7.59379e+06
5120	0	10	7	0	8	29	0	1	1	1.14549e+07
5120	0	10	2	0	8	29	0	1	1	5.98342e+06
5120	0	10	3	0	8	29	0	1	1	5.19314e+06
5128	0	1	9	0	8	29	0	1	1	1.45812e+07
5128	0	1	10	0	8	29	0	1	1	9.98661e+06
5128	0	1	5	0	8	29	0	1	1	4.15374e+06
5128	0	1	8	0	8	29	0	1	1	3.76424e+06
5128	0	2	5	0	8	29	0	1	1	9.95737e+06
5128	0	2	9	0	8	29	0	1	1	9.23615e+06
5128	0	2	10	0	8	29	0	1	1	5.98342e+06
5128	0	2	8	0	8	29	0	1	1	3.68704e+06
5128	0	3	9	0	8	29	0	1	1	7.59379e+06
5128	0	3	5	0	8	29	0	1	1	6.23678e+06
5128	0	3	10	0	8	29	0	1	1	5.19314e+06
5128	0	3	8	0	8	29	0	1	1	1.91882e+06
5128	0	4	9	0	8	29	0	1	1	7.62567e+06
5128	0	4	10	0	8	29	0	1	1	7.61355e+06
5128	0	4	8	0	8	29	0	1	1	2.64221e+06
5128	0	4	5	0	8	29	0	1	1	1.95183e+06
5128	0	6	8	0	8	29	0	1	1	2.80759e+07
5128	0	6	5	0	8	29	0	1	1	1.45181e+07
5128	0	6	9	0	8	29	0	1	1	2.48379e+06
5128	0	6	10	0	8	29	0	1	1	2.02101e+06
5128	0	7	9	0	8	29	0	1	1	1.60048e+07
5128	0	7	10	0	8	29	0	1	1	1.14549e+07
5128	0	7	5	0	8	29	0	1	1	3.51569e+06
5128	0	7	8	0	8	29	0	1	1	3.41546e+06
5132	0	2	1	0	8	29	0	1	1	2.13373e+07
5132	0	2	6	0	8	29	0	1	1	8.27134e+06
5132	0	2	4	0	8	29	0	1	1	4.75478e+06
5132	0	3	1	0	8	29	0	1	1	6.23653e+06
5132	0	3	6	0	8	29	0	1	1	3.4633e+06
5132	0	3	4	0	8	29	0	1	1	2.54113e+06
5132	0	5	6	0	8	29	0	1	1	1.45181e+07
5132	0	5	1	0	8	29	0	1	1	4.15374e+06
5132	0	5	4	0	8	29	0	1	1	1.95183e+06
5132	0	7	1	0	8	29	0	1	1	5.46974e+08
5132	0	7	4	0	8	29	0	1	1	2.41875e+07
5132	0	7	6	0	8	29	0	1	1	5.30581e+06
5132	0	8	6	0	8	29	0	1	1	2.80759e+07
5132	0	8	1	0	8	29	0	1	1	3.76424e+06
5132	0	8	4	0	8	29	0	1	1	2.64221e+06
5132	0	9	1	0	8	29	0	1	1	1.45812e+07
5132	0	9	4	0	8	29	0	1	1	7.62567e+06
5132	0	9	6	0	8	29	0	1	1	2.48379e+06
5132	0	10	1	0	8	29	0	1	1	9.98661e+06
5132	0	10	4	0	8	29	0	1	1	7.61355e+06
5132	0	10	6	0	8	29	0	1	1	2.02101e+06
5440	0	3	10	0	8	29	0	1	1	5.19314e+06
5440	0	3	4	0	8	29	0	1	1	2.54113e+06
5440	0	3	2	0	8	29	0	1	0	8.25063
5440	0	3	1	0	8	29	0	1	0	0.764738
5440	0	5	4	0	8	29	0	1	1	1.95183e+06
5440	0	5	10	0	8	29	0	1	1	1.89993e+06
5440	0	5	2	0	8	29	0	1	0	6.02151
5440	0	5	1	0	8	29	0	1	0	1.04784
5440	0	6	4	0	8	29	0	1	1	3.1415e+06
5440	0	6	10	0	8	29	0	1	1	2.02101e+06
5440	0	6	2	0	8	29	0	1	0	3.30545
5440	0	6	1	0	8	29	0	1	0	1.90884
5440	0	7	4	0	8	29	0	1	1	2.41875e+07
5440	0	7	10	0	8	29	0	1	1	1.14549e+07
5440	0	7	1	0	8	29	0	1	0	90.0736
5440	0	7	2	0	8	29	0	1	0	0.0700491
5440	0	8	4	0	8	29	0	1	1	2.64221e+06
5440	0	8	10	0	8	29	0	1	1	1.44562e+06
5440	0	8	1	0	8	29	0	1	0	2.56448
5440	0	8	2	0	8	29	0	1	0	2.46037
5440	0	9	10	0	8	29	0	1	1	1.50488e+08
5440	0	9	4	0	8	29	0	1	1	7.62567e+06
5440	0	9	1	0	8	29	0	1	0	3.96553
5440	0	9	2	0	8	29	0	1	0	1.5911
5448	0	1	9	0	8	29	0	1	1	1.45812e+07
5448	0	2	9	0	8	29	0	1	1	9.23615e+06
5448	0	3	9	0	8	29	0	1	1	7.59379e+06
5448	0	4	9	0	8	29	0	1	1	7.62567e+06
5448	0	5	9	0	8	29	0	1	1	2.40221e+06
5448	0	6	9	0	8	29	0	1	1	2.48379e+06
5448	0	7	9	0	8	29	0	1	1	1.60048e+07
5448	0	8	9	0	8	29	0	1	1	1.67831e+06
5448	0	10	9	0	8	29	0	1	1	1.50488e+08
5452	0	1	7	0	8	29	0	1	1	5.46974e+08
5452	0	1	3	0	8	29	0	1	1	6.23653e+06
5452	0	2	3	0	8	29	0	1	1	2.04847e+07
5452	0	2	7	0	8	29	0	1	1	1.52535e+07
5452	0	4	7	0	8	29	0	1	1	2.41875e+07
5452	0	4	3	0	8	29	0	1	1	2.54113e+06
5452	0	5	3	0	8	29	0	1	1	6.23678e+06
5452	0	5	7	0	8	29	0	1	1	3.51569e+06
5452	0	6	7	0	8	29	0	1	1	5.30581e+06
5452	0	6	3	0	8	29	0	1	1	3.4633e+06
5452	0	8	7	0	8	29	0	1	1	3.41546e+06
5452	0	8	3	0	8	29	0	1	1	1.91882e+06
5452	0	9	7	0	8	29	0	1	1	1.60048e+07
5452	0	9	3	0	8	29	0	1	1	7.59379e+06
5452	0	10	7	0	8	29	0	1	1	1.14549e+07
5452	0	10	3	0	8	29	0	1	1	5.19314e+06
5456	0	1	6	0	8	29	0	1	1	6.28558e+06
5456	0	1	5	0	8	29	0	1	1	4.15374e+06
5456	0	1	8	0	8	29	0	1	1	3.76424e+06
5456	0	2	5	0	8	29	0	1	1	9.95737e+06
5456	0	2	6	0	8	29	0	1	1	8.27134e+06
5456	0	2	8	0	8	29	0	1	1	3.68704e+06
5456	0	3	5	0	8	29	0	1	1	6.23678e+06
5456	0	3	6	0	8	29	0	1	1	3.4633e+06
5456	0	3	8	0	8	29	0	1	1	1.91882e+06
5456	0	4	6	0	8	29	0	1	1	3.1415e+06
5456	0	4	8	0	8	29	0	1	1	2.64221e+06
5456	0	4	5	0	8	29	0	1	1	1.95183e+06
5456	0	7	6	0	8	29	0	1	1	5.30581e+06
5456	0	7	5	0	8	29	0	1	1	3.51569e+06
5456	0	7	8	0	8	29	0	1	1	3.41546e+06
5456	0	9	6	0	8	29	0	1	1	2.48379e+06
5456	0	9	5	0	8	29	0	1	1	2.40221e+06
5456	0	9	8	0	8	29	0	1	1	1.67831e+06
5456	0	10	6	0	8	29	0	1	1	2.02101e+06
5456	0	10	5	0	8	29	0	1	1	1.89993e+06
5456	0	10	8	0	8	29	0	1	1	1.44562e+06
5760	0	1	7	0	8	29	0	1	1	5.46974e+08
5760	0	1	4	0	8	29	0	1	1	1.70506e+07
5760	0	1	5	0	8	29	0	1	1	4.15374e+06
5760	0	1	2	0	8	29	0	1	0	4.28019
5760	0	1	6	0	8	29	0	1	0	0.572595
5760	0	1	3	0	8	29	0	1	0	0.567118
5760	0	8	5	0	8	29	0	1	1	5.29492e+06
5760	0	8	7	0	8	29	0	1	1	3.41546e+06
5760	0	8	4	0	8	29	0	1	1	2.64221e+06
5760	0	8	6	0	8	29	0	1	0	12.5803
5760	0	8	2	0	8	29	0	1	0	0.308769
5760	0	8	3	0	8	29	0	1	0	0.151745
5760	0	9	7	0	8	29	0	1	1	1.60048e+07
5760	0	9	4	0	8	29	0	1	1	7.62567e+06
5760	0	9	5	0	8	29	0	1	1	2.40221e+06
5760	0	9	2	0	8	29	0	1	0	2.30216
5760	0	9	3	0	8	29	0	1	0	1.62754
5760	0	9	6	0	8	29	0	1	0	0.370708
5760	0	10	7	0	8	29	0	1	1	1.14549e+07
5760	0	10	4	0	8	29	0	1	1	7.61355e+06
5760	0	10	5	0	8	29	0	1	1	1.89993e+06
5760	0	10	2	0	8	29	0	1	0	2.08336
5760	0	10	3	0	8	29	0	1	0	1.62967
5760	0	10	6	0	8	29	0	1	0	0.454214
5764	0	1	9	0	8	29	0	1	1	1.45812e+07
5764	0	1	8	0	8	29	0	1	1	3.76424e+06
5764	0	2	9	0	8	29	0	1	1	9.23615e+06
5764	0	2	8	0	8	29	0	1	1	3.68704e+06
5764	0	3	9	0	8	29	0	1	1	7.59379e+06
5764	0	3	8	0	8	29	0	1	1	1.91882e+06
5764	0	4	9	0	8	29	0	1	1	7.62567e+06
5764	0	4	8	0	8	29	0	1	1	2.64221e+06
5764	0	5	8	0	8	29	0	1	1	5.29492e+06
5764	0	5	9	0	8	29	0	1	1	2.40221e+06
5764	0	6	8	0	8	29	0	1	1	2.80759e+07
5764	0	6	9	0	8	29	0	1	1	2.48379e+06
5764	0	7	9	0	8	29	0	1	1	1.60048e+07
5764	0	7	8	0	8	29	0	1	1	3.41546e+06
5764	0	10	9	0	8	29	0	1	1	1.50488e+08
5764	0	10	8	0	8	29	0	1	1	1.44562e+06
5768	0	2	1	0	8	29	0	1	1	2.13373e+07
5768	0	2	10	0	8	29	0	1	1	5.98342e+06
5768	0	3	1	0	8	29	0	1	1	6.23653e+06
5768	0	3	10	0	8	29	0	1	1	5.19314e+06
5768	0	4	1	0	8	29	0	1	1	1.70506e+07
5768	0	4	10	0	8	29	0	1	1	7.61355e+06
5768	0	5	1	0	8	29	0	1	1	4.15374e+06
5768	0	5	10	0	8	29	0	1	1	1.89993e+06
5768	0	6	1	0	8	29	0	1	1	6.28558e+06
5768	0	6	10	0	8	29	0	1	1	2.02101e+06
5768	0	7	1	0	8	29	0	1	1	5.46974e+08
5768	0	7	10	0	8	29	0	1	1	1.14549e+07
5768	0	8	1	0	8	29	0	1	1	3.76424e+06
5768	0	8	10	0	8	29	0	1	1	1.44562e+06
5768	0	9	10	0	8	29	0	1	1	1.50488e+08
5768	0	9	1	0	8	29	0	1	1	1.45812e+07
6080	0	1	9	0	8	29	0	1	1	1.45812e+07
6080	0	1	5	0	8	29	0	1	1	4.15374e+06
6080	0	2	5	0	8	29	0	1	1	9.95737e+06
6080	0	2	9	0	8	29	0	1	1	9.23615e+06
6080	0	3	9	0	8	29	0	1	1	7.59379e+06
6080	0	3	5	0	8	29	0	1	1	6.23678e+06
6080	0	4	9	0	8	29	0	1	1	7.62567e+06
6080	0	4	5	0	8	29	0	1	1	1.95183e+06
6080	0	6	5	0	8	29	0	1	1	1.45181e+07
6080	0	6	9	0	8	29	0	1	1	2.48379e+06
6080	0	7	9	0	8	29	0	1	1	1.60048e+07
6080	0	7	5	0	8	29	0	1	1	3.51569e+06
6080	0	8	5	0	8	29	0	1	1	5.29492e+06
6080	0	8	9	0	8	29	0	1	1	1.67831e+06
6080	0	10	9	0	8	29	0	1	1	1.50488e+08
6080	0	10	5	0	8	29	0	1	1	1.89993e+06
6084	0	1	4	0	8	29	0	1	0	3.42029
6084	0	1	6	0	8	29	0	1	0	0.677999
6084	0	1	3	0	8	29	0	1	0	0.671294
6084	0	2	3	0	8	29	0	1	0	3.95017
6084	0	2	6	0	8	29	0	1	0	0.82318
6084	0	2	4	0	8	29	0	1	0	0.415337
6084	0	5	6	0	8	29	0	1	0	4.45348
6084	0	5	3	0	8	29	0	1	0	0.951192
6084	0	5	4	0	8	29	0	1	0	0.236223
6084	0	7	4	0	8	29	0	1	0	5.6711
6084	0	7	3	0	8	29	0	1	0	0.460546
6084	0	7	6	0	8	29	0	1	0	0.450332
6084	0	8	6	0	8	29	0	1	0	15.4622
6084	0	8	4	0	8	29	0	1	0	0.221271
6084	0	8	3	0	8	29	0	1	0	0.156906
6084	0	9	4	0	8	29	0	1	0	1.90073
6084	0	9	3	0	8	29	0	1	0	1.88682
6084	0	9	6	0	8	29	0	1	0	0.409936
6084	0	10	4	0	8	29	0	1	0	2.65095
6084	0	10	3	0	8	29	0	1	0	1.35394
6084	0	10	6	0	8	29	0	1	0	0.396399
6088	0	2	1	0	8	29	0	1	1	2.13373e+07
6088	0	3	1	0	8	29	0	1	1	6.23653e+06
6088	0	4	1	0	8	29	0	1	1	1.70506e+07
6088	0	5	1	0	8	29	0	1	1	4.15374e+06
6088	0	6	1	0	8	29	0	1	1	6.28558e+06
6088	0	7	1	0	8	29	0	1	1	5.46974e+08
6088	0	8	1	0	8	29	0	1	1	3.76424e+06
6088	0	9	1	0	8	29	0	1	1	1.45812e+07
6088	0	10	1	0	8	29	0	1	1	9.98661e+06
6092	0	1	2	0	8	29	0	1	1	2.13373e+07
6092	0	1	10	0	8	29	0	1	1	9.98661e+06
6092	0	3	2	0	8	29	0	1	1	2.04847e+07
6092	0	3	10	0	8	29	0	1	1	5.19314e+06
6092	0	4	10	0	8	29	0	1	1	7.61355e+06
6092	0	4	2	0	8	29	0	1	1	4.75478e+06
6092	0	5	2	0	8	29	0	1	1	9.95737e+06
6092	0	5	10	0	8	29	0	1	1	1.89993e+06
6092	0	6	2	0	8	29	0	1	1	8.27134e+06
6092	0	6	10	0	8	29	0	1	1	2.02101e+06
6092	0	7	2	0	8	29	0	1	1	1.52535e+07
6092	0	7	10	0	8	29	0	1	1	1.14549e+07
6092	0	8	2	0	8	29	0	1	1	3.68704e+06
6092	0	8	10	0	8	29	0	1	1	1.44562e+06
6092	0	9	10	0	8	29	0	1	1	1.50488e+08
6092	0	9	2	0	8	29	0	1	1	9.23615e+06
6096	0	1	7	0	8	29	0	1	1	5.46974e+08
6096	0	1	8	0	8	29	0	1	1	3.76424e+06
6096	0	2	7	0	8	29	0	1	1	1.52535e+07
6096	0	2	8	0	8	29	0	1	1	3.68704e+06
6096	0	3	7	0	8	29	0	1	1	5.40751e+06
6096	0	3	8	0	8	29	0	1	1	1.91882e+06
6096	0	4	7	0	8	29	0	1	1	2.41875e+07
6096	0	4	8	0	8	29	0	1	1	2.64221e+06
6096	0	5	8	0	8	29	0	1	1	5.29492e+06
6096	0	5	7	0	8	29	0	1	1	3.51569e+06
6096	0	6	8	0	8	29	0	1	1	2.80759e+07
6096	0	6	7	0	8	29	0	1	1	5.30581e+06
6096	0	9	7	0	8	29	0	1	1	1.60048e+07
6096	0	9	8	0	8	29	0	1	1	1.67831e+06
6096	0	10	7	0	8	29	0	1	1	1.14549e+07
6096	0	10	8	0	8	29	0	1	1	1.44562e+06
6400	0	1	3	0	8	29	0	1	1	6.23653e+06
6400	0	1	8	0	8	29	0	1	1	3.76424e+06
6400	0	2	3	0	8	29	0	1	1	2.04847e+07
6400	0	2	8	0	8	29	0	1	1	3.68704e+06
6400	0	4	8	0	8	29	0	1	1	2.64221e+06
6400	0	4	3	0	8	29	0	1	1	2.54113e+06
6400	0	5	3	0	8	29	0	1	1	6.23678e+06
6400	0	5	8	0	8	29	0	1	1	5.29492e+06
6400	0	6	8	0	8	29	0	1	1	2.80759e+07
6400	0	6	3	0	8	29	0	1	1	3.4633e+06
6400	0	7	3	0	8	29	0	1	1	5.40751e+06
6400	0	7	8	0	8	29	0	1	1	3.41546e+06
6400	0	9	3	0	8	29	0	1	1	7.59379e+06
6400	0	9	8	0	8	29	0	1	1	1.67831e+06
6400	0	10	3	0	8	29	0	1	1	5.19314e+06
6400	0	10	8	0	8	29	0	1	1	1.44562e+06
6404	0	1	4	0	8	29	0	1	1	1.70506e+07
6404	0	1	9	0	8	29	0	1	1	1.45812e+07
6404	0	2	9	0	8	29	0	1	1	9.23615e+06
6404	0	2	4	0	8	29	0	1	1	4.75478e+06
6404	0	3	9	0	8	29	0	1	1	7.59379e+06
6404	0	3	4	0	8	29	0	1	1	2.54113e+06
6404	0	5	9	0	8	29	0	1	1	2.40221e+06
6404	0	5	4	0	8	29	0	1	1	1.95183e+06
6404	0	6	4	0	8	29	0	1	1	3.1415e+06
6404	0	6	9	0	8	29	0	1	1	2.48379e+06
6404	0	7	4	0	8	29	0	1	1	2.41875e+07
6404	0	7	9	0	8	29	0	1	1	1.60048e+07
6404	0	8	4	0	8	29	0	1	1	2.64221e+06
6404	0	8	9	0	8	29	0	1	1	1.67831e+06
6404	0	10	9	0	8	29	0	1	1	1.50488e+08
6404	0	10	4	0	8	29	0	1	1	7.61355e+06
6408	0	1	6	0	8	29	0	1	1	6.28558e+06
6408	0	2	6	0	8	29	0	1	1	8.27134e+06
6408	0	3	6	0	8	29	0	1	1	3.4633e+06
6408	0	4	6	0	8	29	0	1	1	3.1415e+06
6408	0	5	6	0	8	29	0	1	1	1.45181e+07
6408	0	7	6	0	8	29	0	1	1	5.30581e+06
6408	0	8	6	0	8	29	0	1	1	2.80759e+07
6408	0	9	6	0	8	29	0	1	1	2.48379e+06
6408	0	10	6	0	8	29	0	1	1	2.02101e+06
6412	0	2	1	0	8	29	0	1	1	2.13373e+07
6412	0	2	7	0	8	29	0	1	1	1.52535e+07
6412	0	2	5	0	8	29	0	1	1	9.95737e+06
6412	0	3	5	0	8	29	0	1	1	6.23678e+06
6412	0	3	1	0	8	29	0	1	1	6.23653e+06
6412	0	3	7	0	8	29	0	1	1	5.40751e+06
6412	0	4	7	0	8	29	0	1	1	2.41875e+07
6412	0	4	1	0	8	29	0	1	1	1.70506e+07
6412	0	4	5	0	8	29	0	1	1	1.95183e+06
6412	0	6	5	0	8	29	0	1	1	1.45181e+07
6412	0	6	1	0	8	29	0	1	1	6.28558e+06
6412	0	6	7	0	8	29	0	1	1	5.30581e+06
6412	0	8	5	0	8	29	0	1	1	5.29492e+06
6412	0	8	1	0	8	29	0	1	1	3.76424e+06
6412	0	8	7	0	8	29	0	1	1	3.41546e+06
6412	0	9	7	0	8	29	0	1	1	1.60048e+07
6412	0	9	1	0	8	29	0	1	1	1.45812e+07
6412	0	9	5	0	8	29	0	1	1	2.40221e+06
6412	0	10	7	0	8	29	0	1	1	1.14549e+07
6412	0	10	1	0	8	29	0	1	1	9.98661e+06
6412	0	10	5	0	8	29	0	1	1	1.89993e+06
6416	0	1	2	0	8	29	0	1	1	2.13373e+07
6416	0	1	10	0	8	29	0	1	1	9.98661e+06
6416	0	3	2	0	8	29	0	1	1	2.04847e+07
6416	0	3	10	0	8	29	0	1	1	5.19314e+06
6416	0	4	10	0	8	29	0	1	1	7.61355e+06
6416	0	4	2	0	8	29	0	1	1	4.75478e+06
6416	0	5	2	0	8	29	0	1	1	9.95737e+06
6416	0	5	10	0	8	29	0	1	1	1.89993e+06
6416	0	6	2	0	8	29	0	1	1	8.27134e+06
6416	0	6	10	0	8	29	0	1	1	2.02101e+06
6416	0	7	2	0	8	29	0	1	1	1.52535e+07
6416	0	7	10	0	8	29	0	1	1	1.14549e+07
6416	0	8	2	0	8	29	0	1	1	3.68704e+06
6416	0	8	10	0	8	29	0	1	1	1.44562e+06
6416	0	9	10	0	8	29	0	1	1	1.50488e+08
6416	0	9	2	0	8	29	0	1	1	9.23615e+06
6720	0	1	10	0	8	29	0	1	1	9.98661e+06
6720	0	1	3	0	8	29	0	1	1	6.23653e+06
6720	0	2	3	0	8	29	0	1	1	2.04847e+07
6720	0	2	10	0	8	29	0	1	1	5.98342e+06
6720	0	4	10	0	8	29	0	1	1	7.61355e+06
6720	0	4	3	0	8	29	0	1	1	2.54113e+06
6720	0	5	3	0	8	29	0	1	1	6.23678e+06
6720	0	5	10	0	8	29	0	1	1	1.89993e+06
6720	0	6	3	0	8	29	0	1	1	3.4633e+06
6720	0	6	10	0	8	29	0	1	1	2.02101e+06
6720	0	7	10	0	8	29	0	1	1	1.14549e+07
6720	0	7	3	0	8	29	0	1	1	5.40751e+06
6720	0	8	3	0	8	29	0	1	1	1.91882e+06
6720	0	8	10	0	8	29	0	1	1	1.44562e+06
6720	0	9	10	0	8	29	0	1	1	1.50488e+08
6720	0	9	3	0	8	29	0	1	1	7.59379e+06
6724	0	1	8	0	8	29	0	1	1	3.76424e+06
6724	0	2	8	0	8	29	0	1	1	3.68704e+06
6724	0	3	8	0	8	29	0	1	1	1.91882e+06
6724	0	4	8	0	8	29	0	1	1	2.64221e+06
6724	0	5	8	0	8	29	0	1	1	5.29492e+06
6724	0	6	8	0	8	29	0	1	1	2.80759e+07
6724	0	7	8	0	8	29	0	1	1	3.41546e+06
6724	0	9	8	0	8	29	0	1	1	1.67831e+06
6724	0	10	8	0	8	29	0	1	1	1.44562e+06
6728	0	1	4	0	8	29	0	1	1	1.70506e+07
6728	0	2	4	0	8	29	0	1	1	4.75478e+06
6728	0	3	4	0	8	29	0	1	1	2.54113e+06
6728	0	5	4	0	8	29	0	1	1	1.95183e+06
6728	0	6	4	0	8	29	0	1	1	3.1415e+06
6728	0	7	4	0	8	29	0	1	1	2.41875e+07
6728	0	8	4	0	8	29	0	1	1	2.64221e+06
6728	0	9	4	0	8	29	0	1	1	7.62567e+06
6728	0	10	4	0	8	29	0	1	1	7.61355e+06
6732	0	3	2	0	8	29	0	1	1	2.04847e+07
6732	0	3	5	0	8	29	0	1	1	6.23678e+06
6732	0	3	1	0	8	29	0	1	0	2.89698
6732	0	3	7	0	8	29	0	1	0	2.17798
6732	0	4	2	0	8	29	0	1	1	4.75478e+06
6732	0	4	5	0	8	29	0	1	1	1.95183e+06
6732	0	4	7	0	8	29	0	1	0	3.56329
6732	0	4	1	0	8	29	0	1	0	1.77071
6732	0	6	5	0	8	29	0	1	1	1.45181e+07
6732	0	6	2	0	8	29	0	1	1	8.27134e+06
6732	0	6	1	0	8	29	0	1	0	2.97573
6732	0	6	7	0	8	29	0	1	0	2.12034
6732	0	8	5	0	8	29	0	1	1	5.29492e+06
6732	0	8	2	0	8	29	0	1	1	3.68704e+06
6732	0	8	1	0	8	29	0	1	0	2.76839
6732	0	8	7	0	8	29	0	1	0	2.27914
6732	0	9	2	0	8	29	0	1	1	9.23615e+06
6732	0	9	5	0	8	29	0	1	1	2.40221e+06
6732	0	9	7	0	8	29	0	1	0	2.75714
6732	0	9	1	0	8	29	0	1	0	2.28845
6732	0	10	2	0	8	29	0	1	1	5.98342e+06
6732	0	10	5	0	8	29	0	1	1	1.89993e+06
6732	0	10	7	0	8	29	0	1	0	2.8812
6732	0	10	1	0	8	29	0	1	0	2.18991
6736	0	1	9	0	8	29	0	1	1	1.45812e+07
6736	0	1	6	0	8	29	0	1	1	6.28558e+06
6736	0	2	9	0	8	29	0	1	1	9.23615e+06
6736	0	2	6	0	8	29	0	1	1	8.27134e+06
6736	0	3	9	0	8	29	0	1	1	7.59379e+06
6736	0	3	6	0	8	29	0	1	1	3.4633e+06
6736	0	4	9	0	8	29	0	1	1	7.62567e+06
6736	0	4	6	0	8	29	0	1	1	3.1415e+06
6736	0	5	6	0	8	29	0	1	1	1.45181e+07
6736	0	5	9	0	8	29	0	1	1	2.40221e+06
6736	0	7	9	0	8	29	0	1	1	1.60048e+07
6736	0	7	6	0	8	29	0	1	1	5.30581e+06
6736	0	8	6	0	8	29	0	1	1	2.80759e+07
6736	0	8	9	0	8	29	0	1	1	1.67831e+06
6736	0	10	9	0	8	29	0	1	1	1.50488e+08
6736	0	10	6	0	8	29	0	1	1	2.02101e+06
7040	0	1	7	0	8	29	0	1	1	5.46974e+08
7040	0	1	2	0	8	29	0	1	1	2.13373e+07
7040	0	1	10	0	8	29	0	1	1	9.98661e+06
7040	0	3	2	0	8	29	0	1	1	2.04847e+07
7040	0	3	7	0	8	29	0	1	1	5.40751e+06
7040	0	3	10	0	8	29	0	1	1	5.19314e+06
7040	0	4	7	0	8	29	0	1	1	2.41875e+07
7040	0	4	10	0	8	29	0	1	1	7.61355e+06
7040	0	4	2	0	8	29	0	1	1	4.75478e+06
7040	0	5	2	0	8	29	0	1	1	9.95737e+06
7040	0	5	7	0	8	29	0	1	1	3.51569e+06
7040	0	5	10	0	8	29	0	1	1	1.89993e+06
7040	0	6	2	0	8	29	0	1	1	8.27134e+06
7040	0	6	7	0	8	29	0	1	1	5.30581e+06
7040	0	6	10	0	8	29	0	1	1	2.02101e+06
7040	0	8	2	0	8	29	0	1	1	3.68704e+06
7040	0	8	7	0	8	29	0	1	1	3.41546e+06
7040	0	8	10	0	8	29	0	1	1	1.44562e+06
7040	0	9	10	0	8	29	0	1	1	1.50488e+08
7040	0	9	7	0	8	29	0	1	1	1.60048e+07
7040	0	9	2	0	8	29	0	1	1	9.23615e+06
7044	0	2	1	0	8	29	0	1	1	2.13373e+07
7044	0	2	4	0	8	29	0	1	1	4.75478e+06
7044	0	3	1	0	8	29	0	1	1	6.23653e+06
7044	0	3	4	0	8	29	0	1	1	2.54113e+06
7044	0	5	1	0	8	29	0	1	1	4.15374e+06
7044	0	5	4	0	8	29	0	1	1	1.95183e+06
7044	0	6	1	0	8	29	0	1	1	6.28558e+06
7044	0	6	4	0	8	29	0	1	1	3.1415e+06
7044	0	7	1	0	8	29	0	1	1	5.46974e+08
7044	0	7	4	0	8	29	0	1	1	2.41875e+07
7044	0	8	1	0	8	29	0	1	1	3.76424e+06
7044	0	8	4	0	8	29	0	1	1	2.64221e+06
7044	0	9	1	0	8	29	0	1	1	1.45812e+07
7044	0	9	4	0	8	29	0	1	1	7.62567e+06
7044	0	10	1	0	8	29	0	1	1	9.98661e+06
7044	0	10	4	0	8	29	0	1	1	7.61355e+06
7048	0	1	6	0	8	29	0	1	1	6.28558e+06
7048	0	2	6	0	8	29	0	1	1	8.27134e+06
7048	0	3	6	0	8	29	0	1	1	3.4633e+06
7048	0	4	6	0	8	29	0	1	1	3.1415e+06
7048	0	5	6	0	8	29	0	1	1	1.45181e+07
7048	0	7	6	0	8	29	0	1	1	5.30581e+06
7048	0	8	6	0	8	29	0	1	1	2.80759e+07
7048	0	9	6	0	8	29	0	1	1	2.48379e+06
7048	0	10	6	0	8	29	0	1	1	2.02101e+06
7052	0	1	9	0	8	29	0	1	1	1.45812e+07
7052	0	1	8	0	8	29	0	1	1	3.76424e+06
7052	0	2	9	0	8	29	0	1	1	9.23615e+06
7052	0	2	8	0	8	29	0	1	1	3.68704e+06
7052	0	3	9	0	8	29	0	1	1	7.59379e+06
7052	0	3	8	0	8	29	0	1	1	1.91882e+06
7052	0	4	9	0	8	29	0	1	1	7.62567e+06
7052	0	4	8	0	8	29	0	1	1	2.64221e+06
7052	0	5	8	0	8	29	0	1	1	5.29492e+06
7052	0	5	9	0	8	29	0	1	1	2.40221e+06
7052	0	6	8	0	8	29	0	1	1	2.80759e+07
7052	0	6	9	0	8	29	0	1	1	2.48379e+06
7052	0	7	9	0	8	29	0	1	1	1.60048e+07
7052	0	7	8	0	8	29	0	1	1	3.41546e+06
7052	0	10	9	0	8	29	0	1	1	1.50488e+08
7052	0	10	8	0	8	29	0	1	1	1.44562e+06
7056	0	1	3	0	8	29	0	1	1	6.23653e+06
7056	0	1	5	0	8	29	0	1	1	4.15374e+06
7056	0	2	3	0	8	29	0	1	1	2.04847e+07
7056	0	2	5	0	8	29	0	1	1	9.95737e+06
7056	0	4	3	0	8	29	0	1	1	2.54113e+06
7056	0	4	5	0	8	29	0	1	1	1.95183e+06
7056	0	6	5	0	8	29	0	1	1	1.45181e+07
7056	0	6	3	0	8	29	0	1	1	3.4633e+06
7056	0	7	3	0	8	29	0	1	1	5.40751e+06
7056	0	7	5	0	8	29	0	1	1	3.51569e+06
7056	0	8	5	0	8	29	0	1	1	5.29492e+06
7056	0	8	3	0	8	29	0	1	1	1.91882e+06
7056	0	9	3	0	8	29	0	1	1	7.59379e+06
7056	0	9	5	0	8	29	0	1	1	2.40221e+06
7056	0	10	3	0	8	29	0	1	1	5.19314e+06
7056	0	10	5	0	8	29	0	1	1	1.89993e+06
7360	0	1	4	0	8	29	0	1	1	1.70506e+07
7360	0	1	10	0	8	29	0	1	0	6.03919
7360	0	1	5	0	8	29	0	1	0	1.04477
7360	0	2	4	0	8	29	0	1	1	4.75478e+06
7360	0	2	5	0	8	29	0	1	0	4.18018
7360	0	2	10	0	8	29	0	1	0	1.5094
7360	0	3	4	0	8	29	0	1	1	2.54113e+06
7360	0	3	5	0	8	29	0	1	0	3.01668
7360	0	3	10	0	8	29	0	1	0	2.09156
7360	0	6	4	0	8	29	0	1	1	3.1415e+06
7360	0	6	5	0	8	29	0	1	0	18.0443
7360	0	6	10	0	8	29	0	1	0	0.34967
7360	0	7	4	0	8	29	0	1	1	2.41875e+07
7360	0	7	10	0	8	29	0	1	0	8.18429
7360	0	7	5	0	8	29	0	1	0	0.770936
7360	0	8	4	0	8	29	0	1	1	2.64221e+06
7360	0	8	5	0	8	29	0	1	0	9.20037
7360	0	8	10	0	8	29	0	1	0	0.685794
7360	0	9	4	0	8	29	0	1	1	7.62567e+06
7360	0	9	10	0	8	29	0	1	0	157.358
7360	0	9	5	0	8	29	0	1	0	0.0400968
7364	0	1	7	0	8	29	0	1	1	5.46974e+08
7364	0	1	8	0	8	29	0	1	1	3.76424e+06
7364	0	2	7	0	8	29	0	1	1	1.52535e+07
7364	0	2	8	0	8	29	0	1	1	3.68704e+06
7364	0	3	7	0	8	29	0	1	1	5.40751e+06
7364	0	3	8	0	8	29	0	1	1	1.91882e+06
7364	0	4	7	0	8	29	0	1	1	2.41875e+07
7364	0	4	8	0	8	29	0	1	1	2.64221e+06
7364	0	5	8	0	8	29	0	1	1	5.29492e+06
7364	0	5	7	0	8	29	0	1	1	3.51569e+06
7364	0	6	8	0	8	29	0	1	1	2.80759e+07
7364	0	6	7	0	8	29	0	1	1	5.30581e+06
7364	0	9	7	0	8	29	0	1	1	1.60048e+07
7364	0	9	8	0	8	29	0	1	1	1.67831e+06
7364	0	10	7	0	8	29	0	1	1	1.14549e+07
7364	0	10	8	0	8	29	0	1	1	1.44562e+06
7372	0	1	9	0	8	29	0	1	1	1.45812e+07
7372	0	1	3	0	8	29	0	1	1	6.23653e+06
7372	0	2	3	0	8	29	0	1	1	2.04847e+07
7372	0	2	9	0	8	29	0	1	1	9.23615e+06
7372	0	4	9	0	8	29	0	1	1	7.62567e+06
7372	0	4	3	0	8	29	0	1	1	2.54113e+06
7372	0	5	3	0	8	29	0	1	1	6.23678e+06
7372	0	5	9	0	8	29	0	1	1	2.40221e+06
7372	0	6	3	0	8	29	0	1	1	3.4633e+06
7372	0	6	9	0	8	29	0	1	1	2.48379e+06
7372	0	7	9	0	8	29	0	1	1	1.60048e+07
7372	0	7	3	0	8	29	0	1	1	5.40751e+06
7372	0	8	3	0	8	29	0	1	1	1.91882e+06
7372	0	8	9	0	8	29	0	1	1	1.67831e+06
7372	0	10	9	0	8	29	0	1	1	1.50488e+08
7372	0	10	3	0	8	29	0	1	1	5.19314e+06
7376	0	3	2	0	8	29	0	1	1	2.04847e+07
7376	0	3	1	0	8	29	0	1	1	6.23653e+06
7376	0	3	6	0	8	29	0	1	1	3.4633e+06
7376	0	4	1	0	8	29	0	1	1	1.70506e+07
7376	0	4	2	0	8	29	0	1	1	4.75478e+06
7376	0	4	6	0	8	29	0	1	1	3.1415e+06
7376	0	5	6	0	8	29	0	1	1	1.45181e+07
7376	0	5	2	0	8	29	0	1	1	9.95737e+06
7376	0	5	1	0	8	29	0	1	1	4.15374e+06
7376	0	7	1	0	8	29	0	1	1	5.46974e+08
7376	0	7	2	0	8	29	0	1	1	1.52535e+07
7376	0	7	6	0	8	29	0	1	1	5.30581e+06
7376	0	8	6	0	8	29	0	1	1	2.80759e+07
7376	0	8	1	0	8	29	0	1	1	3.76424e+06
7376	0	8	2	0	8	29	0	1	1	3.68704e+06
7376	0	9	1	0	8	29	0	1	1	1.45812e+07
7376	0	9	2	0	8	29	0	1	1	9.23615e+06
7376	0	9	6	0	8	29	0	1	1	2.48379e+06
7376	0	10	1	0	8	29	0	1	1	9.98661e+06
7376	0	10	2	0	8	29	0	1	1	5.98342e+06
7376	0	10	6	0	8	29	0	1	1	2.02101e+06
7680	0	1	7	0	8	29	0	1	1	5.46974e+08
7680	0	1	6	0	8	29	0	1	1	6.28558e+06
7680	0	1	3	0	8	29	0	1	1	6.23653e+06
7680	0	1	5	0	8	29	0	1	1	4.15374e+06
7680	0	1	8	0	8	29	0	1	1	3.76424e+06
7680	0	2	3	0	8	29	0	1	1	2.04847e+07
7680	0	2	7	0	8	29	0	1	1	1.52535e+07
7680	0	2	5	0	8	29	0	1	1	9.95737e+06
7680	0	2	6	0	8	29	0	1	1	8.27134e+06
7680	0	2	8	0	8	29	0	1	1	3.68704e+06
7680	0	4	7	0	8	29	0	1	1	2.41875e+07
7680	0	4	6	0	8	29	0	1	1	3.1415e+06
7680	0	4	8	0	8	29	0	1	1	2.64221e+06
7680	0	4	3	0	8	29	0	1	1	2.54113e+06
7680	0	4	5	0	8	29	0	1	1	1.95183e+06
7680	0	9	7	0	8	29	0	1	1	1.60048e+07
7680	0	9	3	0	8	29	0	1	1	7.59379e+06
7680	0	9	6	0	8	29	0	1	1	2.48379e+06
7680	0	9	5	0	8	29	0	1	1	2.40221e+06
7680	0	9	8	0	8	29	0	1	1	1.67831e+06
7680	0	10	7	0	8	29	0	1	1	1.14549e+07
7680	0	10	3	0	8	29	0	1	1	5.19314e+06
7680	0	10	6	0	8	29	0	1	1	2.02101e+06
7680	0	10	5	0	8	29	0	1	1	1.89993e+06
7680	0	10	8	0	8	29	0	1	1	1.44562e+06
7692	0	3	2	0	8	29	0	1	1	2.04847e+07
7692	0	3	1	0	8	29	0	1	1	6.23653e+06
7692	0	4	1	0	8	29	0	1	1	1.70506e+07
7692	0	4	2	0	8	29	0	1	1	4.75478e+06
7692	0	5	2	0	8	29	0	1	1	9.95737e+06
7692	0	5	1	0	8	29	0	1	1	4.15374e+06
7692	0	6	2	0	8	29	0	1	1	8.27134e+06
7692	0	6	1	0	8	29	0	1	1	6.28558e+06
7692	0	7	1	0	8	29	0	1	1	5.46974e+08
7692	0	7	2	0	8	29	0	1	1	1.52535e+07
7692	0	8	1	0	8	29	0	1	1	3.76424e+06
7692	0	8	2	0	8	29	0	1	1	3.68704e+06
7692	0	9	1	0	8	29	0	1	1	1.45812e+07
7692	0	9	2	0	8	29	0	1	1	9.23615e+06
7692	0	10	1	0	8	29	0	1	1	9.98661e+06
7692	0	10	2	0	8	29	0	1	1	5.98342e+06
7696	0	1	9	0	8	29	0	1	1	1.45812e+07
7696	0	1	4	0	8	29	0	1	0	4.28866
7696	0	1	10	0	8	29	0	1	0	1.47122
7696	0	2	9	0	8	29	0	1	1	9.23615e+06
7696	0	2	10	0	8	29	0	1	0	3.16096
7696	0	2	4	0	8	29	0	1	0	1.99609
7696	0	3	9	0	8	29	0	1	1	7.59379e+06
7696	0	3	10	0	8	29	0	1	0	5.13337
7696	0	3	4	0	8	29	0	1	0	1.22913
7696	0	5	9	0	8	29	0	1	1	2.40221e+06
7696	0	5	4	0	8	29	0	1	0	2.5805
7696	0	5	10	0	8	29	0	1	0	2.44509
7696	0	6	9	0	8	29	0	1	1	2.48379e+06
7696	0	6	4	0	8	29	0	1	0	3.90452
7696	0	6	10	0	8	29	0	1	0	1.61596
7696	0	7	9	0	8	29	0	1	1	1.60048e+07
7696	0	7	4	0	8	29	0	1	0	5.30395
7696	0	7	10	0	8	29	0	1	0	1.1896
7696	0	8	9	0	8	29	0	1	1	1.67831e+06
7696	0	8	4	0	8	29	0	1	0	4.59107
7696	0	8	10	0	8	29	0	1	0	1.37431
8000	0	1	3	0	8	29	0	1	1	6.23653e+06
8000	0	1	5	0	8	29	0	1	1	4.15374e+06
8000	0	2	3	0	8	29	0	1	1	2.04847e+07
8000	0	2	5	0	8	29	0	1	1	9.95737e+06
8000	0	4	3	0	8	29	0	1	1	2.54113e+06
8000	0	4	5	0	8	29	0	1	1	1.95183e+06
8000	0	6	5	0	8	29	0	1	1	1.45181e+07
8000	0	6	3	0	8	29	0	1	1	3.4633e+06
8000	0	7	3	0	8	29	0	1	1	5.40751e+06
8000	0	7	5	0	8	29	0	1	1	3.51569e+06
8000	0	8	5	0	8	29	0	1	1	5.29492e+06
8000	0	8	3	0	8	29	0	1	1	1.91882e+06
8000	0	9	3	0	8	29	0	1	1	7.59379e+06
8000	0	9	5	0	8	29	0	1	1	2.40221e+06
8000	0	10	3	0	8	29	0	1	1	5.19314e+06
8000	0	10	5	0	8	29	0	1	1	1.89993e+06
8004	0	2	1	0	8	29	0	1	1	2.13373e+07
8004	0	2	4	0	8	29	0	1	1	4.75478e+06
8004	0	3	1	0	8	29	0	1	1	6.23653e+06
8004	0	3	4	0	8	29	0	1	1	2.54113e+06
8004	0	5	1	0	8	29	0	1	1	4.15374e+06
8004	0	5	4	0	8	29	0	1	1	1.95183e+06
8004	0	6	1	0	8	29	0	1	1	6.28558e+06
8004	0	6	4	0	8	29	0	1	1	3.1415e+06
8004	0	7	1	0	8	29	0	1	1	5.46974e+08
8004	0	7	4	0	8	29	0	1	1	2.41875e+07
8004	0	8	1	0	8	29	0	1	1	3.76424e+06
8004	0	8	4	0	8	29	0	1	1	2.64221e+06
8004	0	9	1	0	8	29	0	1	1	1.45812e+07
8004	0	9	4	0	8	29	0	1	1	7.62567e+06
8004	0	10	1	0	8	29	0	1	1	9.98661e+06
8004	0	10	4	0	8	29	0	1	1	7.61355e+06
8008	0	1	7	0	8	29	0	1	1	5.46974e+08
8008	0	1	10	0	8	29	0	1	1	9.98661e+06
8008	0	2	7	0	8	29	0	1	1	1.52535e+07
8008	0	2	10	0	8	29	0	1	1	5.98342e+06
8008	0	3	7	0	8	29	0	1	1	5.40751e+06
8008	0	3	10	0	8	29	0	1	1	5.19314e+06
8008	0	4	7	0	8	29	0	1	1	2.41875e+07
8008	0	4	10	0	8	29	0	1	1	7.61355e+06
8008	0	5	7	0	8	29	0	1	1	3.51569e+06
8008	0	5	10	0	8	29	0	1	1	1.89993e+06
8008	0	6	7	0	8	29	0	1	1	5.30581e+06
8008	0	6	10	0	8	29	0	1	1	2.02101e+06
8008	0	8	7	0	8	29	0	1	1	3.41546e+06
8008	0	8	10	0	8	29	0	1	1	1.44562e+06
8008	0	9	10	0	8	29	0	1	1	1.50488e+08
8008	0	9	7	0	8	29	0	1	1	1.60048e+07
8012	0	1	2	0	8	29	0	1	1	2.13373e+07
8012	0	1	6	0	8	29	0	1	1	6.28558e+06
8012	0	3	2	0	8	29	0	1	1	2.04847e+07
8012	0	3	6	0	8	29	0	1	1	3.4633e+06
8012	0	4	2	0	8	29	0	1	1	4.75478e+06
8012	0	4	6	0	8	29	0	1	1	3.1415e+06
8012	0	5	6	0	8	29	0	1	1	1.45181e+07
8012	0	5	2	0	8	29	0	1	1	9.95737e+06
8012	0	7	2	0	8	29	0	1	1	1.52535e+07
8012	0	7	6	0	8	29	0	1	1	5.30581e+06
8012	0	8	6	0	8	29	0	1	1	2.80759e+07
8012	0	8	2	0	8	29	0	1	1	3.68704e+06
8012	0	9	2	0	8	29	0	1	1	9.23615e+06
8012	0	9	6	0	8	29	0	1	1	2.48379e+06
8012	0	10	2	0	8	29	0	1	1	5.98342e+06
8012	0	10	6	0	8	29	0	1	1	2.02101e+06
8016	0	1	9	0	8	29	0	1	1	1.45812e+07
8016	0	1	8	0	8	29	0	1	1	3.76424e+06
8016	0	2	9	0	8	29	0	1	1	9.23615e+06
8016	0	2	8	0	8	29	0	1	1	3.68704e+06
8016	0	3	9	0	8	29	0	1	1	7.59379e+06
8016	0	3	8	0	8	29	0	1	1	1.91882e+06
8016	0	4	9	0	8	29	0	1	1	7.62567e+06
8016	0	4	8	0	8	29	0	1	1	2.64221e+06
8016	0	5	8	0	8	29	0	1	1	5.29492e+06
8016	0	5	9	0	8	29	0	1	1	2.40221e+06
8016	0	6	8	0	8	29	0	1	1	2.80759e+07
8016	0	6	9	0	8	29	0	1	1	2.48379e+06
8016	0	7	9	0	8	29	0	1	1	1.60048e+07
8016	0	7	8	0	8	29	0	1	1	3.41546e+06
8016	0	10	9	0	8	29	0	1	1	1.50488e+08
8016	0	10	8	0	8	29	0	1	1	1.44562e+06
8320	0	1	7	0	8	29	0	1	1	5.46974e+08
8320	0	1	6	0	8	29	0	1	1	6.28558e+06
8320	0	1	8	0	8	29	0	1	1	3.76424e+06
8320	0	2	7	0	8	29	0	1	1	1.52535e+07
8320	0	2	6	0	8	29	0	1	1	8.27134e+06
8320	0	2	8	0	8	29	0	1	1	3.68704e+06
8320	0	3	7	0	8	29	0	1	1	5.40751e+06
8320	0	3	6	0	8	29	0	1	1	3.4633e+06
8320	0	3	8	0	8	29	0	1	1	1.91882e+06
8320	0	4	7	0	8	29	0	1	1	2.41875e+07
8320	0	4	6	0	8	29	0	1	1	3.1415e+06
8320	0	4	8	0	8	29	0	1	1	2.64221e+06
8320	0	5	6	0	8	29	0	1	1	1.45181e+07
8320	0	5	8	0	8	29	0	1	1	5.29492e+06
8320	0	5	7	0	8	29	0	1	1	3.51569e+06
8320	0	9	7	0	8	29	0	1	1	1.60048e+07
8320	0	9	6	0	8	29	0	1	1	2.48379e+06
8320	0	9	8	0	8	29	0	1	1	1.67831e+06
8320	0	10	7	0	8	29	0	1	1	1.14549e+07
8320	0	10	6	0	8	29	0	1	1	2.02101e+06
8320	0	10	8	0	8	29	0	1	1	1.44562e+06
8324	0	1	10	0	8	29	0	1	1	9.98661e+06
8324	0	1	3	0	8	29	0	1	1	6.23653e+06
8324	0	1	2	0	8	29	0	1	0	3.67576
8324	0	1	9	0	8	29	0	1	0	1.71653
8324	0	4	10	0	8	29	0	1	1	7.61355e+06
8324	0	4	3	0	8	29	0	1	1	2.54113e+06
8324	0	4	9	0	8	29	0	1	0	4.02854
8324	0	4	2	0	8	29	0	1	0	1.56622
8324	0	5	3	0	8	29	0	1	1	6.23678e+06
8324	0	5	10	0	8	29	0	1	1	1.89993e+06
8324	0	5	2	0	8	29	0	1	0	10.412
8324	0	5	9	0	8	29	0	1	0	0.605991
8324	0	6	3	0	8	29	0	1	1	3.4633e+06
8324	0	6	10	0	8	29	0	1	1	2.02101e+06
8324	0	6	2	0	8	29	0	1	0	8.36489
8324	0	6	9	0	8	29	0	1	0	0.754291
8324	0	7	10	0	8	29	0	1	1	1.14549e+07
8324	0	7	3	0	8	29	0	1	1	5.40751e+06
8324	0	7	9	0	8	29	0	1	0	2.63561
8324	0	7	2	0	8	29	0	1	0	2.39397
8324	0	8	3	0	8	29	0	1	1	1.91882e+06
8324	0	8	10	0	8	29	0	1	1	1.44562e+06
8324	0	8	2	0	8	29	0	1	0	5.51829
8324	0	8	9	0	8	29	0	1	0	1.14339
8332	0	2	1	0	8	29	0	1	1	2.13373e+07
8332	0	3	1	0	8	29	0	1	1	6.23653e+06
8332	0	4	1	0	8	29	0	1	1	1.70506e+07
8332	0	5	1	0	8	29	0	1	1	4.15374e+06
8332	0	6	1	0	8	29	0	1	1	6.28558e+06
8332	0	7	1	0	8	29	0	1	1	5.46974e+08
8332	0	8	1	0	8	29	0	1	1	3.76424e+06
8332	0	9	1	0	8	29	0	1	1	1.45812e+07
8332	0	10	1	0	8	29	0	1	1	9.98661e+06
8336	0	1	4	0	8	29	0	1	1	1.70506e+07
8336	0	1	5	0	8	29	0	1	1	4.15374e+06
8336	0	2	5	0	8	29	0	1	1	9.95737e+06
8336	0	2	4	0	8	29	0	1	1	4.75478e+06
8336	0	3	5	0	8	29	0	1	1	6.23678e+06
8336	0	3	4	0	8	29	0	1	1	2.54113e+06
8336	0	6	5	0	8	29	0	1	1	1.45181e+07
8336	0	6	4	0	8	29	0	1	1	3.1415e+06
8336	0	7	4	0	8	29	0	1	1	2.41875e+07
8336	0	7	5	0	8	29	0	1	1	3.51569e+06
8336	0	8	5	0	8	29	0	1	1	5.29492e+06
8336	0	8	4	0	8	29	0	1	1	2.64221e+06
8336	0	9	4	0	8	29	0	1	1	7.62567e+06
8336	0	9	5	0	8	29	0	1	1	2.40221e+06
8336	0	10	4	0	8	29	0	1	1	7.61355e+06
8336	0	10	5	0	8	29	0	1	1	1.89993e+06
8644	0	1	10	0	8	29	0	1	1	9.98661e+06
8644	0	2	10	0	8	29	0	1	1	5.98342e+06
8644	0	3	10	0	8	29	0	1	1	5.19314e+06
8644	0	4	10	0	8	29	0	1	1	7.61355e+06
8644	0	5	10	0	8	29	0	1	1	1.89993e+06
8644	0	6	10	0	8	29	0	1	1	2.02101e+06
8644	0	7	10	0	8	29	0	1	1	1.14549e+07
8644	0	8	10	0	8	29	0	1	1	1.44562e+06
8644	0	9	10	0	8	29	0	1	1	1.50488e+08
8648	0	1	3	0	8	29	0	1	1	6.23653e+06
8648	0	1	5	0	8	29	0	1	1	4.15374e+06
8648	0	1	8	0	8	29	0	1	1	3.76424e+06
8648	0	2	3	0	8	29	0	1	1	2.04847e+07
8648	0	2	5	0	8	29	0	1	1	9.95737e+06
8648	0	2	8	0	8	29	0	1	1	3.68704e+06
8648	0	4	8	0	8	29	0	1	1	2.64221e+06
8648	0	4	3	0	8	29	0	1	1	2.54113e+06
8648	0	4	5	0	8	29	0	1	1	1.95183e+06
8648	0	6	8	0	8	29	0	1	1	2.80759e+07
8648	0	6	5	0	8	29	0	1	1	1.45181e+07
8648	0	6	3	0	8	29	0	1	1	3.4633e+06
8648	0	7	3	0	8	29	0	1	1	5.40751e+06
8648	0	7	5	0	8	29	0	1	1	3.51569e+06
8648	0	7	8	0	8	29	0	1	1	3.41546e+06
8648	0	9	3	0	8	29	0	1	1	7.59379e+06
8648	0	9	5	0	8	29	0	1	1	2.40221e+06
8648	0	9	8	0	8	29	0	1	1	1.67831e+06
8648	0	10	3	0	8	29	0	1	1	5.19314e+06
8648	0	10	5	0	8	29	0	1	1	1.89993e+06
8648	0	10	8	0	8	29	0	1	1	1.44562e+06
8652	0	1	2	0	8	29	0	1	0	3.1434
8652	0	1	4	0	8	29	0	1	0	2.00724
8652	0	3	2	0	8	29	0	1	0	20.2489
8652	0	3	4	0	8	29	0	1	0	0.3116
8652	0	5	2	0	8	29	0	1	0	12.8145
8652	0	5	4	0	8	29	0	1	0	0.492376
8652	0	6	2	0	8	29	0	1	0	6.6136
8652	0	6	4	0	8	29	0	1	0	0.954029
8652	0	7	4	0	8	29	0	1	0	3.98311
8652	0	7	2	0	8	29	0	1	0	1.58408
8652	0	8	2	0	8	29	0	1	0	3.50517
8652	0	8	4	0	8	29	0	1	0	1.80007
8652	0	9	2	0	8	29	0	1	0	3.04238
8652	0	9	4	0	8	29	0	1	0	2.0739
8652	0	10	4	0	8	29	0	1	0	3.19622
8652	0	10	2	0	8	29	0	1	0	1.97407
8656	0	2	1	0	8	29	0	1	1	2.13373e+07
8656	0	2	7	0	8	29	0	1	1	1.52535e+07
8656	0	2	9	0	8	29	0	1	1	9.23615e+06
8656	0	2	6	0	8	29	0	1	1	8.27134e+06
8656	0	3	9	0	8	29	0	1	1	7.59379e+06
8656	0	3	1	0	8	29	0	1	1	6.23653e+06
8656	0	3	7	0	8	29	0	1	1	5.40751e+06
8656	0	3	6	0	8	29	0	1	1	3.4633e+06
8656	0	4	7	0	8	29	0	1	1	2.41875e+07
8656	0	4	1	0	8	29	0	1	1	1.70506e+07
8656	0	4	9	0	8	29	0	1	1	7.62567e+06
8656	0	4	6	0	8	29	0	1	1	3.1415e+06
8656	0	5	6	0	8	29	0	1	1	1.45181e+07
8656	0	5	1	0	8	29	0	1	1	4.15374e+06
8656	0	5	7	0	8	29	0	1	1	3.51569e+06
8656	0	5	9	0	8	29	0	1	1	2.40221e+06
8656	0	8	6	0	8	29	0	1	1	2.80759e+07
8656	0	8	1	0	8	29	0	1	1	3.76424e+06
8656	0	8	7	0	8	29	0	1	1	3.41546e+06
8656	0	8	9	0	8	29	0	1	1	1.67831e+06
8656	0	10	9	0	8	29	0	1	1	1.50488e+08
8656	0	10	7	0	8	29	0	1	1	1.14549e+07
8656	0	10	1	0	8	29	0	1	1	9.98661e+06
8656	0	10	6	0	8	29	0	1	1	2.02101e+06
8960	0	1	4	0	8	29	0	1	1	1.70506e+07
8960	0	1	9	0	8	29	0	1	1	1.45812e+07
8960	0	2	9	0	8	29	0	1	1	9.23615e+06
8960	0	2	4	0	8	29	0	1	1	4.75478e+06
8960	0	3	9	0	8	29	0	1	1	7.59379e+06
8960	0	3	4	0	8	29	0	1	1	2.54113e+06
8960	0	5	9	0	8	29	0	1	1	2.40221e+06
8960	0	5	4	0	8	29	0	1	1	1.95183e+06
8960	0	6	4	0	8	29	0	1	1	3.1415e+06
8960	0	6	9	0	8	29	0	1	1	2.48379e+06
8960	0	7	4	0	8	29	0	1	1	2.41875e+07
8960	0	7	9	0	8	29	0	1	1	1.60048e+07
8960	0	8	4	0	8	29	0	1	1	2.64221e+06
8960	0	8	9	0	8	29	0	1	1	1.67831e+06
8960	0	10	9	0	8	29	0	1	1	1.50488e+08
8960	0	10	4	0	8	29	0	1	1	7.61355e+06
8964	0	1	7	0	8	29	0	1	0	330.771
8964	0	1	5	0	8	29	0	1	0	0.0190753
8964	0	2	7	0	8	29	0	1	0	3.84791
8964	0	2	5	0	8	29	0	1	0	1.63974
8964	0	3	5	0	8	29	0	1	0	2.8971
8964	0	3	7	0	8	29	0	1	0	2.17789
8964	0	4	7	0	8	29	0	1	0	31.1278
8964	0	4	5	0	8	29	0	1	0	0.202698
8964	0	6	5	0	8	29	0	1	0	6.87319
8964	0	6	7	0	8	29	0	1	0	0.917998
8964	0	8	5	0	8	29	0	1	0	3.89412
8964	0	8	7	0	8	29	0	1	0	1.62028
8964	0	9	7	0	8	29	0	1	0	16.7355
8964	0	9	5	0	8	29	0	1	0	0.377016
8964	0	10	7	0	8	29	0	1	0	15.1445
8964	0	10	5	0	8	29	0	1	0	0.416625
8968	0	2	1	0	8	29	0	1	1	2.13373e+07
8968	0	2	10	0	8	29	0	1	1	5.98342e+06
8968	0	3	1	0	8	29	0	1	1	6.23653e+06
8968	0	3	10	0	8	29	0	1	1	5.19314e+06
8968	0	4	1	0	8	29	0	1	1	1.70506e+07
8968	0	4	10	0	8	29	0	1	1	7.61355e+06
8968	0	5	1	0	8	29	0	1	1	4.15374e+06
8968	0	5	10	0	8	29	0	1	1	1.89993e+06
8968	0	6	1	0	8	29	0	1	1	6.28558e+06
8968	0	6	10	0	8	29	0	1	1	2.02101e+06
8968	0	7	1	0	8	29	0	1	1	5.46974e+08
8968	0	7	10	0	8	29	0	1	1	1.14549e+07
8968	0	8	1	0	8	29	0	1	1	3.76424e+06
8968	0	8	10	0	8	29	0	1	1	1.44562e+06
8968	0	9	10	0	8	29	0	1	1	1.50488e+08
8968	0	9	1	0	8	29	0	1	1	1.45812e+07
8972	0	1	2	0	8	29	0	1	1	2.13373e+07
8972	0	1	3	0	8	29	0	1	1	6.23653e+06
8972	0	4	2	0	8	29	0	1	1	4.75478e+06
8972	0	4	3	0	8	29	0	1	1	2.54113e+06
8972	0	5	2	0	8	29	0	1	1	9.95737e+06
8972	0	5	3	0	8	29	0	1	1	6.23678e+06
8972	0	6	2	0	8	29	0	1	1	8.27134e+06
8972	0	6	3	0	8	29	0	1	1	3.4633e+06
8972	0	7	2	0	8	29	0	1	1	1.52535e+07
8972	0	7	3	0	8	29	0	1	1	5.40751e+06
8972	0	8	2	0	8	29	0	1	1	3.68704e+06
8972	0	8	3	0	8	29	0	1	1	1.91882e+06
8972	0	9	2	0	8	29	0	1	1	9.23615e+06
8972	0	9	3	0	8	29	0	1	1	7.59379e+06
8972	0	10	2	0	8	29	0	1	1	5.98342e+06
8972	0	10	3	0	8	29	0	1	1	5.19314e+06
8976	0	1	6	0	8	29	0	1	0	4.19438
8976	0	1	8	0	8	29	0	1	0	1.50429
8976	0	2	6	0	8	29	0	1	0	5.63505
8976	0	2	8	0	8	29	0	1	0	1.1197
8976	0	3	6	0	8	29	0	1	0	4.53373
8976	0	3	8	0	8	29	0	1	0	1.39169
8976	0	4	6	0	8	29	0	1	0	2.98655
8976	0	4	8	0	8	29	0	1	0	2.11266
8976	0	5	6	0	8	29	0	1	0	6.88733
8976	0	5	8	0	8	29	0	1	0	0.916113
8976	0	7	6	0	8	29	0	1	0	3.90213
8976	0	7	8	0	8	29	0	1	0	1.61695
8976	0	9	6	0	8	29	0	1	0	3.71743
8976	0	9	8	0	8	29	0	1	0	1.69729
8976	0	10	6	0	8	29	0	1	0	3.51168
8976	0	10	8	0	8	29	0	1	0	1.79673
9280	0	1	10	0	8	29	0	1	1	9.98661e+06
9280	0	2	10	0	8	29	0	1	1	5.98342e+06
9280	0	3	10	0	8	29	0	1	1	5.19314e+06
9280	0	4	10	0	8	29	0	1	1	7.61355e+06
9280	0	5	10	0	8	29	0	1	1	1.89993e+06
9280	0	6	10	0	8	29	0	1	1	2.02101e+06
9280	0	7	10	0	8	29	0	1	1	1.14549e+07
9280	0	8	10	0	8	29	0	1	1	1.44562e+06
9280	0	9	10	0	8	29	0	1	1	1.50488e+08
9284	0	2	1	0	8	29	0	1	1	2.13373e+07
9284	0	3	1	0	8	29	0	1	1	6.23653e+06
9284	0	4	1	0	8	29	0	1	1	1.70506e+07
9284	0	5	1	0	8	29	0	1	1	4.15374e+06
9284	0	6	1	0	8	29	0	1	1	6.28558e+06
9284	0	7	1	0	8	29	0	1	1	5.46974e+08
9284	0	8	1	0	8	29	0	1	1	3.76424e+06
9284	0	9	1	0	8	29	0	1	1	1.45812e+07
9284	0	10	1	0	8	29	0	1	1	9.98661e+06
9288	0	1	4	0	8	29	0	1	1	1.70506e+07
9288	0	1	2	0	8	29	0	1	0	8.59404
9288	0	1	3	0	8	29	0	1	0	0.73418
9288	0	5	4	0	8	29	0	1	1	1.95183e+06
9288	0	5	2	0	8	29	0	1	0	4.01037
9288	0	5	3	0	8	29	0	1	0	1.57331
9288	0	6	4	0	8	29	0	1	1	3.1415e+06
9288	0	6	2	0	8	29	0	1	0	5.99909
9288	0	6	3	0	8	29	0	1	0	1.05175
9288	0	7	4	0	8	29	0	1	1	2.41875e+07
9288	0	7	2	0	8	29	0	1	0	7.08552
9288	0	7	3	0	8	29	0	1	0	0.890487
9288	0	8	4	0	8	29	0	1	1	2.64221e+06
9288	0	8	2	0	8	29	0	1	0	4.82663
9288	0	8	3	0	8	29	0	1	0	1.30724
9288	0	9	4	0	8	29	0	1	1	7.62567e+06
9288	0	9	2	0	8	29	0	1	0	3.05515
9288	0	9	3	0	8	29	0	1	0	2.06522
9288	0	10	4	0	8	29	0	1	1	7.61355e+06
9288	0	10	2	0	8	29	0	1	0	2.89414
9288	0	10	3	0	8	29	0	1	0	2.18012
9292	0	1	7	0	8	29	0	1	1	5.46974e+08
9292	0	1	9	0	8	29	0	1	1	1.45812e+07
9292	0	1	8	0	8	29	0	1	1	3.76424e+06
9292	0	2	7	0	8	29	0	1	1	1.52535e+07
9292	0	2	9	0	8	29	0	1	1	9.23615e+06
9292	0	2	8	0	8	29	0	1	1	3.68704e+06
9292	0	3	9	0	8	29	0	1	1	7.59379e+06
9292	0	3	7	0	8	29	0	1	1	5.40751e+06
9292	0	3	8	0	8	29	0	1	1	1.91882e+06
9292	0	4	7	0	8	29	0	1	1	2.41875e+07
9292	0	4	9	0	8	29	0	1	1	7.62567e+06
9292	0	4	8	0	8	29	0	1	1	2.64221e+06
9292	0	5	8	0	8	29	0	1	1	5.29492e+06
9292	0	5	7	0	8	29	0	1	1	3.51569e+06
9292	0	5	9	0	8	29	0	1	1	2.40221e+06
9292	0	6	8	0	8	29	0	1	1	2.80759e+07
9292	0	6	7	0	8	29	0	1	1	5.30581e+06
9292	0	6	9	0	8	29	0	1	1	2.48379e+06
9292	0	10	9	0	8	29	0	1	1	1.50488e+08
9292	0	10	7	0	8	29	0	1	1	1.14549e+07
9292	0	10	8	0	8	29	0	1	1	1.44562e+06
9296	0	1	6	0	8	29	0	1	1	6.28558e+06
9296	0	1	5	0	8	29	0	1	1	4.15374e+06
9296	0	2	5	0	8	29	0	1	1	9.95737e+06
9296	0	2	6	0	8	29	0	1	1	8.27134e+06
9296	0	3	5	0	8	29	0	1	1	6.23678e+06
9296	0	3	6	0	8	29	0	1	1	3.4633e+06
9296	0	4	6	0	8	29	0	1	1	3.1415e+06
9296	0	4	5	0	8	29	0	1	1	1.95183e+06
9296	0	7	6	0	8	29	0	1	1	5.30581e+06
9296	0	7	5	0	8	29	0	1	1	3.51569e+06
9296	0	8	6	0	8	29	0	1	1	2.80759e+07
9296	0	8	5	0	8	29	0	1	1	5.29492e+06
9296	0	9	6	0	8	29	0	1	1	2.48379e+06
9296	0	9	5	0	8	29	0	1	1	2.40221e+06
9296	0	10	6	0	8	29	0	1	1	2.02101e+06
9296	0	10	5	0	8	29	0	1	1	1.89993e+06
9604	0	1	7	0	8	29	0	1	1	5.46974e+08
9604	0	2	7	0	8	29	0	1	1	1.52535e+07
9604	0	3	7	0	8	29	0	1	1	5.40751e+06
9604	0	4	7	0	8	29	0	1	1	2.41875e+07
9604	0	5	7	0	8	29	0	1	1	3.51569e+06
9604	0	6	7	0	8	29	0	1	1	5.30581e+06
9604	0	8	7	0	8	29	0	1	1	3.41546e+06
9604	0	9	7	0	8	29	0	1	1	1.60048e+07
9604	0	10	7	0	8	29	0	1	1	1.14549e+07
9608	0	3	2	0	8	29	0	1	1	2.04847e+07
9608	0	3	1	0	8	29	0	1	1	6.23653e+06
9608	0	3	10	0	8	29	0	1	1	5.19314e+06
9608	0	3	8	0	8	29	0	1	1	1.91882e+06
9608	0	3	5	0	8	29	0	1	0	4.52345
9608	0	3	6	0	8	29	0	1	0	1.39486
9608	0	4	1	0	8	29	0	1	1	1.70506e+07
9608	0	4	10	0	8	29	0	1	1	7.61355e+06
9608	0	4	2	0	8	29	0	1	1	4.75478e+06
9608	0	4	8	0	8	29	0	1	1	2.64221e+06
9608	0	4	6	0	8	29	0	1	0	4.04292
9608	0	4	5	0	8	29	0	1	0	1.56065
9608	0	7	1	0	8	29	0	1	1	5.46974e+08
9608	0	7	2	0	8	29	0	1	1	1.52535e+07
9608	0	7	10	0	8	29	0	1	1	1.14549e+07
9608	0	7	8	0	8	29	0	1	1	3.41546e+06
9608	0	7	6	0	8	29	0	1	0	3.79089
9608	0	7	5	0	8	29	0	1	0	1.6644
9608	0	9	10	0	8	29	0	1	1	1.50488e+08
9608	0	9	1	0	8	29	0	1	1	1.45812e+07
9608	0	9	2	0	8	29	0	1	1	9.23615e+06
9608	0	9	8	0	8	29	0	1	1	1.67831e+06
9608	0	9	6	0	8	29	0	1	0	2.59719
9608	0	9	5	0	8	29	0	1	0	2.42938
9612	0	1	4	0	8	29	0	1	1	1.70506e+07
9612	0	1	9	0	8	29	0	1	0	5.87286
9612	0	1	3	0	8	29	0	1	0	1.07436
9612	0	2	4	0	8	29	0	1	1	4.75478e+06
9612	0	2	3	0	8	29	0	1	0	5.57108
9612	0	2	9	0	8	29	0	1	0	1.13256
9612	0	5	4	0	8	29	0	1	1	1.95183e+06
9612	0	5	3	0	8	29	0	1	0	6.52152
9612	0	5	9	0	8	29	0	1	0	0.967499
9612	0	6	4	0	8	29	0	1	1	3.1415e+06
9612	0	6	3	0	8	29	0	1	0	3.50247
9612	0	6	9	0	8	29	0	1	0	1.80146
9612	0	7	4	0	8	29	0	1	1	2.41875e+07
9612	0	7	9	0	8	29	0	1	0	7.43453
9612	0	7	3	0	8	29	0	1	0	0.848684
9612	0	8	4	0	8	29	0	1	1	2.64221e+06
9612	0	8	3	0	8	29	0	1	0	2.87184
9612	0	8	9	0	8	29	0	1	0	2.19704
9612	0	10	4	0	8	29	0	1	1	7.61355e+06
9612	0	10	9	0	8	29	0	1	0	72.7898
9612	0	10	3	0	8	29	0	1	0	0.086682
9920	0	1	8	0	8	29	0	1	1	3.76424e+06
9920	0	2	8	0	8	29	0	1	1	3.68704e+06
9920	0	3	8	0	8	29	0	1	1	1.91882e+06
9920	0	4	8	0	8	29	0	1	1	2.64221e+06
9920	0	5	8	0	8	29	0	1	1	5.29492e+06
9920	0	6	8	0	8	29	0	1	1	2.80759e+07
9920	0	7	8	0	8	29	0	1	1	3.41546e+06
9920	0	9	8	0	8	29	0	1	1	1.67831e+06
9920	0	10	8	0	8	29	0	1	1	1.44562e+06
9924	0	1	9	0	8	29	0	1	1	1.45812e+07
9924	0	1	3	0	8	29	0	1	1	6.23653e+06
9924	0	2	3	0	8	29	0	1	1	2.04847e+07
9924	0	2	9	0	8	29	0	1	1	9.23615e+06
9924	0	4	9	0	8	29	0	1	1	7.62567e+06
9924	0	4	3	0	8	29	0	1	1	2.54113e+06
9924	0	5	3	0	8	29	0	1	1	6.23678e+06
9924	0	5	9	0	8	29	0	1	1	2.40221e+06
9924	0	6	3	0	8	29	0	1	1	3.4633e+06
9924	0	6	9	0	8	29	0	1	1	2.48379e+06
9924	0	7	9	0	8	29	0	1	1	1.60048e+07
9924	0	7	3	0	8	29	0	1	1	5.40751e+06
9924	0	8	3	0	8	29	0	1	1	1.91882e+06
9924	0	8	9	0	8	29	0	1	1	1.67831e+06
9924	0	10	9	0	8	29	0	1	1	1.50488e+08
9924	0	10	3	0	8	29	0	1	1	5.19314e+06
9928	0	1	4	0	8	29	0	1	0	2.63205
9928	0	1	10	0	8	29	0	1	0	1.07495
9928	0	1	6	0	8	29	0	1	0	0.58396
9928	0	2	6	0	8	29	0	1	0	1.93484
9928	0	2	10	0	8	29	0	1	0	1.15381
9928	0	2	4	0	8	29	0	1	0	0.837858
9928	0	3	10	0	8	29	0	1	0	2.17249
9928	0	3	6	0	8	29	0	1	0	1.12479
9928	0	3	4	0	8	29	0	1	0	0.737374
9928	0	5	6	0	8	29	0	1	0	9.46784
9928	0	5	4	0	8	29	0	1	0	0.298621
9928	0	5	10	0	8	29	0	1	0	0.289765
9928	0	7	4	0	8	29	0	1	0	3.62492
9928	0	7	10	0	8	29	0	1	0	0.975591
9928	0	7	6	0	8	29	0	1	0	0.373925
9928	0	8	6	0	8	29	0	1	0	17.252
9928	0	8	4	0	8	29	0	1	0	0.224817
9928	0	8	10	0	8	29	0	1	0	0.118211
9928	0	9	10	0	8	29	0	1	0	37.3915
9928	0	9	4	0	8	29	0	1	0	0.125218
9928	0	9	6	0	8	29	0	1	0	0.039459
9932	0	1	7	0	8	29	0	1	1	5.46974e+08
9932	0	1	5	0	8	29	0	1	1	4.15374e+06
9932	0	2	7	0	8	29	0	1	1	1.52535e+07
9932	0	2	5	0	8	29	0	1	1	9.95737e+06
9932	0	3	5	0	8	29	0	1	1	6.23678e+06
9932	0	3	7	0	8	29	0	1	1	5.40751e+06
9932	0	4	7	0	8	29	0	1	1	2.41875e+07
9932	0	4	5	0	8	29	0	1	1	1.95183e+06
9932	0	6	5	0	8	29	0	1	1	1.45181e+07
9932	0	6	7	0	8	29	0	1	1	5.30581e+06
9932	0	8	5	0	8	29	0	1	1	5.29492e+06
9932	0	8	7	0	8	29	0	1	1	3.41546e+06
9932	0	9	7	0	8	29	0	1	1	1.60048e+07
9932	0	9	5	0	8	29	0	1	1	2.40221e+06
9932	0	10	7	0	8	29	0	1	1	1.14549e+07
9932	0	10	5	0	8	29	0	1	1	1.89993e+06
9936	0	3	2	0	8	29	0	1	1	2.04847e+07
9936	0	3	1	0	8	29	0	1	1	6.23653e+06
9936	0	4	1	0	8	29	0	1	1	1.70506e+07
9936	0	4	2	0	8	29	0	1	1	4.75478e+06
9936	0	5	2	0	8	29	0	1	1	9.95737e+06
9936	0	5	1	0	8	29	0	1	1	4.15374e+06
9936	0	6	2	0	8	29	0	1	1	8.27134e+06
9936	0	6	1	0	8	29	0	1	1	6.28558e+06
9936	0	7	1	0	8	29	0	1	1	5.46974e+08
9936	0	7	2	0	8	29	0	1	1	1.52535e+07
9936	0	8	1	0	8	29	0	1	1	3.76424e+06
9936	0	8	2	0	8	29	0	1	1	3.68704e+06
9936	0	9	1	0	8	29	0	1	1	1.45812e+07
9936	0	9	2	0	8	29	0	1	1	9.23615e+06
9936	0	10	1	0	8	29	0	1	1	9.98661e+06
9936	0	10	2	0	8	29	0	1	1	5.98342e+06
