% time	cellId	IMSI	RNTI	layer	mcs	size	rv	ndi	correct	avrgSinrPerRb
2240	0	2	1	0	8	29	0	1	1	213373
2240	0	3	1	0	8	29	0	1	1	62365.3
2240	0	4	1	0	8	29	0	1	1	170506
2240	0	5	1	0	8	29	0	1	1	41537.4
2240	0	6	1	0	8	29	0	1	1	62855.8
2240	0	7	1	0	8	29	0	1	1	5.46974e+06
2240	0	8	1	0	8	29	0	1	1	37642.4
2240	0	9	1	0	8	29	0	1	1	145812
2240	0	10	1	0	8	29	0	1	1	99866.1
2244	0	1	2	0	8	29	0	1	1	213373
2244	0	1	9	0	8	29	0	1	0	8.81713
2244	0	1	5	0	8	29	0	1	0	0.715548
2244	0	3	2	0	8	29	0	1	1	204847
2244	0	3	9	0	8	29	0	1	0	3.0583
2244	0	3	5	0	8	29	0	1	0	2.06294
2244	0	4	2	0	8	29	0	1	1	47547.8
2244	0	4	9	0	8	29	0	1	0	9.81251
2244	0	4	5	0	8	29	0	1	0	0.64291
2244	0	6	2	0	8	29	0	1	1	82713.4
2244	0	6	5	0	8	29	0	1	0	14.6808
2244	0	6	9	0	8	29	0	1	0	0.429732
2244	0	7	2	0	8	29	0	1	1	152535
2244	0	7	9	0	8	29	0	1	0	11.4343
2244	0	7	5	0	8	29	0	1	0	0.551763
2244	0	8	2	0	8	29	0	1	1	36870.4
2244	0	8	5	0	8	29	0	1	0	7.9236
2244	0	8	9	0	8	29	0	1	0	0.796145
2244	0	10	2	0	8	29	0	1	1	59834.2
2244	0	10	9	0	8	29	0	1	0	198.933
2244	0	10	5	0	8	29	0	1	0	0.0317129
2248	0	1	4	0	8	29	0	1	1	170506
2248	0	2	4	0	8	29	0	1	1	47547.8
2248	0	3	4	0	8	29	0	1	1	25411.3
2248	0	5	4	0	8	29	0	1	1	19518.3
2248	0	6	4	0	8	29	0	1	1	31415
2248	0	7	4	0	8	29	0	1	1	241875
2248	0	8	4	0	8	29	0	1	1	26422.1
2248	0	9	4	0	8	29	0	1	1	76256.7
2248	0	10	4	0	8	29	0	1	1	76135.5
2252	0	1	10	0	8	29	0	1	1	99866.1
2252	0	2	10	0	8	29	0	1	1	59834.2
2252	0	3	10	0	8	29	0	1	1	51931.4
2252	0	4	10	0	8	29	0	1	1	76135.5
2252	0	5	10	0	8	29	0	1	1	18999.3
2252	0	6	10	0	8	29	0	1	1	20210.1
2252	0	7	10	0	8	29	0	1	1	114549
2252	0	8	10	0	8	29	0	1	1	14456.2
2252	0	9	10	0	8	29	0	1	1	1.50488e+06
2256	0	1	7	0	8	29	0	1	0	364.973
2256	0	1	6	0	8	29	0	1	0	2.53154
2256	0	1	3	0	8	29	0	1	0	2.49218
2256	0	1	8	0	8	29	0	1	0	0.0172866
2256	0	2	7	0	8	29	0	1	0	10.3911
2256	0	2	3	0	8	29	0	1	0	6.22073
2256	0	2	6	0	8	29	0	1	0	1.01424
2256	0	2	8	0	8	29	0	1	0	0.607157
2256	0	4	7	0	8	29	0	1	0	22.9923
2256	0	4	6	0	8	29	0	1	0	3.10504
2256	0	4	3	0	8	29	0	1	0	2.03168
2256	0	4	8	0	8	29	0	1	0	0.274392
2256	0	5	6	0	8	29	0	1	0	5.84699
2256	0	5	8	0	8	29	0	1	0	3.78284
2256	0	5	7	0	8	29	0	1	0	1.66775
2256	0	5	3	0	8	29	0	1	0	1.07905
2256	0	9	7	0	8	29	0	1	0	23.9505
2256	0	9	3	0	8	29	0	1	0	7.67891
2256	0	9	6	0	8	29	0	1	0	0.821566
2256	0	9	8	0	8	29	0	1	0	0.263399
2256	0	10	7	0	8	29	0	1	0	19.9005
2256	0	10	3	0	8	29	0	1	0	6.45368
2256	0	10	6	0	8	29	0	1	0	0.977503
2256	0	10	8	0	8	29	0	1	0	0.316994
2560	0	1	2	0	8	29	0	1	1	213373
2560	0	1	8	0	8	29	0	1	1	37642.4
2560	0	1	7	0	8	29	0	1	0	220.296
2560	0	1	3	0	8	29	0	1	0	0.0286402
2560	0	4	2	0	8	29	0	1	1	47547.8
2560	0	4	8	0	8	29	0	1	1	26422.1
2560	0	4	7	0	8	29	0	1	0	23.9068
2560	0	4	3	0	8	29	0	1	0	0.263895
2560	0	5	2	0	8	29	0	1	1	99573.7
2560	0	5	8	0	8	29	0	1	1	52949.2
2560	0	5	3	0	8	29	0	1	0	4.45573
2560	0	5	7	0	8	29	0	1	0	1.4159
2560	0	6	8	0	8	29	0	1	1	280759
2560	0	6	2	0	8	29	0	1	1	82713.4
2560	0	6	7	0	8	29	0	1	0	3.84796
2560	0	6	3	0	8	29	0	1	0	1.63952
2560	0	9	2	0	8	29	0	1	1	92361.5
2560	0	9	8	0	8	29	0	1	1	16783.1
2560	0	9	7	0	8	29	0	1	0	5.29393
2560	0	9	3	0	8	29	0	1	0	1.19179
2560	0	10	2	0	8	29	0	1	1	59834.2
2560	0	10	8	0	8	29	0	1	1	14456.2
2560	0	10	7	0	8	29	0	1	0	5.5404
2560	0	10	3	0	8	29	0	1	0	1.13875
2564	0	2	1	0	8	29	0	1	1	213373
2564	0	2	6	0	8	29	0	1	1	82713.4
2564	0	3	1	0	8	29	0	1	1	62365.3
2564	0	3	6	0	8	29	0	1	1	34633
2564	0	4	1	0	8	29	0	1	1	170506
2564	0	4	6	0	8	29	0	1	1	31415
2564	0	5	6	0	8	29	0	1	1	145181
2564	0	5	1	0	8	29	0	1	1	41537.4
2564	0	7	1	0	8	29	0	1	1	5.46974e+06
2564	0	7	6	0	8	29	0	1	1	53058.1
2564	0	8	6	0	8	29	0	1	1	280759
2564	0	8	1	0	8	29	0	1	1	37642.4
2564	0	9	1	0	8	29	0	1	1	145812
2564	0	9	6	0	8	29	0	1	1	24837.9
2564	0	10	1	0	8	29	0	1	1	99866.1
2564	0	10	6	0	8	29	0	1	1	20210.1
2568	0	1	4	0	8	29	0	1	1	170506
2568	0	1	10	0	8	29	0	1	1	99866.1
2568	0	2	10	0	8	29	0	1	1	59834.2
2568	0	2	4	0	8	29	0	1	1	47547.8
2568	0	3	10	0	8	29	0	1	1	51931.4
2568	0	3	4	0	8	29	0	1	1	25411.3
2568	0	5	4	0	8	29	0	1	1	19518.3
2568	0	5	10	0	8	29	0	1	1	18999.3
2568	0	6	4	0	8	29	0	1	1	31415
2568	0	6	10	0	8	29	0	1	1	20210.1
2568	0	7	4	0	8	29	0	1	1	241875
2568	0	7	10	0	8	29	0	1	1	114549
2568	0	8	4	0	8	29	0	1	1	26422.1
2568	0	8	10	0	8	29	0	1	1	14456.2
2568	0	9	10	0	8	29	0	1	1	1.50488e+06
2568	0	9	4	0	8	29	0	1	1	76256.7
2572	0	1	5	0	8	29	0	1	1	41537.4
2572	0	2	5	0	8	29	0	1	1	99573.7
2572	0	3	5	0	8	29	0	1	1	62367.8
2572	0	4	5	0	8	29	0	1	1	19518.3
2572	0	6	5	0	8	29	0	1	1	145181
2572	0	7	5	0	8	29	0	1	1	35156.9
2572	0	8	5	0	8	29	0	1	1	52949.2
2572	0	9	5	0	8	29	0	1	1	24022.1
2572	0	10	5	0	8	29	0	1	1	18999.3
2576	0	1	9	0	8	29	0	1	1	145812
2576	0	2	9	0	8	29	0	1	1	92361.5
2576	0	3	9	0	8	29	0	1	1	75937.9
2576	0	4	9	0	8	29	0	1	1	76256.7
2576	0	5	9	0	8	29	0	1	1	24022.1
2576	0	6	9	0	8	29	0	1	1	24837.9
2576	0	7	9	0	8	29	0	1	1	160048
2576	0	8	9	0	8	29	0	1	1	16783.1
2576	0	10	9	0	8	29	0	1	1	1.50488e+06
2880	0	1	3	0	8	29	0	1	1	62365.3
2880	0	2	3	0	8	29	0	1	1	204847
2880	0	4	3	0	8	29	0	1	1	25411.3
2880	0	5	3	0	8	29	0	1	1	62367.8
2880	0	6	3	0	8	29	0	1	1	34633
2880	0	7	3	0	8	29	0	1	1	54075.1
2880	0	8	3	0	8	29	0	1	1	19188.2
2880	0	9	3	0	8	29	0	1	1	75937.9
2880	0	10	3	0	8	29	0	1	1	51931.4
2884	0	2	1	0	8	29	0	1	1	213373
2884	0	2	7	0	8	29	0	1	1	152535
2884	0	2	5	0	8	29	0	1	1	99573.7
2884	0	3	5	0	8	29	0	1	1	62367.8
2884	0	3	1	0	8	29	0	1	1	62365.3
2884	0	3	7	0	8	29	0	1	1	54075.1
2884	0	4	7	0	8	29	0	1	1	241875
2884	0	4	1	0	8	29	0	1	1	170506
2884	0	4	5	0	8	29	0	1	1	19518.3
2884	0	6	5	0	8	29	0	1	1	145181
2884	0	6	1	0	8	29	0	1	1	62855.8
2884	0	6	7	0	8	29	0	1	1	53058.1
2884	0	8	5	0	8	29	0	1	1	52949.2
2884	0	8	1	0	8	29	0	1	1	37642.4
2884	0	8	7	0	8	29	0	1	1	34154.6
2884	0	9	7	0	8	29	0	1	1	160048
2884	0	9	1	0	8	29	0	1	1	145812
2884	0	9	5	0	8	29	0	1	1	24022.1
2884	0	10	7	0	8	29	0	1	1	114549
2884	0	10	1	0	8	29	0	1	1	99866.1
2884	0	10	5	0	8	29	0	1	1	18999.3
2888	0	1	10	0	8	29	0	1	1	99866.1
2888	0	2	10	0	8	29	0	1	1	59834.2
2888	0	3	10	0	8	29	0	1	1	51931.4
2888	0	4	10	0	8	29	0	1	1	76135.5
2888	0	5	10	0	8	29	0	1	1	18999.3
2888	0	6	10	0	8	29	0	1	1	20210.1
2888	0	7	10	0	8	29	0	1	1	114549
2888	0	8	10	0	8	29	0	1	1	14456.2
2888	0	9	10	0	8	29	0	1	1	1.50488e+06
2892	0	1	8	0	8	29	0	1	1	37642.4
2892	0	1	4	0	8	29	0	1	0	6.81361
2892	0	1	6	0	8	29	0	1	0	0.925974
2892	0	2	8	0	8	29	0	1	1	36870.4
2892	0	2	6	0	8	29	0	1	0	4.36941
2892	0	2	4	0	8	29	0	1	0	1.44391
2892	0	3	8	0	8	29	0	1	1	19188.2
2892	0	3	6	0	8	29	0	1	0	3.4231
2892	0	3	4	0	8	29	0	1	0	1.84292
2892	0	5	8	0	8	29	0	1	1	52949.2
2892	0	5	6	0	8	29	0	1	0	18.6815
2892	0	5	4	0	8	29	0	1	0	0.337695
2892	0	7	8	0	8	29	0	1	1	34154.6
2892	0	7	4	0	8	29	0	1	0	11.4504
2892	0	7	6	0	8	29	0	1	0	0.551005
2892	0	9	8	0	8	29	0	1	1	16783.1
2892	0	9	4	0	8	29	0	1	0	7.71114
2892	0	9	6	0	8	29	0	1	0	0.818131
2892	0	10	8	0	8	29	0	1	1	14456.2
2892	0	10	4	0	8	29	0	1	0	9.46158
2892	0	10	6	0	8	29	0	1	0	0.666758
2896	0	1	2	0	8	29	0	1	1	213373
2896	0	1	9	0	8	29	0	1	1	145812
2896	0	3	2	0	8	29	0	1	1	204847
2896	0	3	9	0	8	29	0	1	1	75937.9
2896	0	4	9	0	8	29	0	1	1	76256.7
2896	0	4	2	0	8	29	0	1	1	47547.8
2896	0	5	2	0	8	29	0	1	1	99573.7
2896	0	5	9	0	8	29	0	1	1	24022.1
2896	0	6	2	0	8	29	0	1	1	82713.4
2896	0	6	9	0	8	29	0	1	1	24837.9
2896	0	7	9	0	8	29	0	1	1	160048
2896	0	7	2	0	8	29	0	1	1	152535
2896	0	8	2	0	8	29	0	1	1	36870.4
2896	0	8	9	0	8	29	0	1	1	16783.1
2896	0	10	9	0	8	29	0	1	1	1.50488e+06
2896	0	10	2	0	8	29	0	1	1	59834.2
3200	0	1	3	0	8	29	0	1	1	62365.3
3200	0	2	3	0	8	29	0	1	1	204847
3200	0	4	3	0	8	29	0	1	1	25411.3
3200	0	5	3	0	8	29	0	1	1	62367.8
3200	0	6	3	0	8	29	0	1	1	34633
3200	0	7	3	0	8	29	0	1	1	54075.1
3200	0	8	3	0	8	29	0	1	1	19188.2
3200	0	9	3	0	8	29	0	1	1	75937.9
3200	0	10	3	0	8	29	0	1	1	51931.4
3204	0	2	7	0	8	29	0	1	1	152535
3204	0	2	1	0	8	29	0	1	0	5.8028
3204	0	2	9	0	8	29	0	1	0	1.08729
3204	0	3	7	0	8	29	0	1	1	54075.1
3204	0	3	9	0	8	29	0	1	0	3.05843
3204	0	3	1	0	8	29	0	1	0	2.06286
3204	0	4	7	0	8	29	0	1	1	241875
3204	0	4	1	0	8	29	0	1	0	5.61627
3204	0	4	9	0	8	29	0	1	0	1.12339
3204	0	5	7	0	8	29	0	1	1	35156.9
3204	0	5	1	0	8	29	0	1	0	4.34293
3204	0	5	9	0	8	29	0	1	0	1.4526
3204	0	6	7	0	8	29	0	1	1	53058.1
3204	0	6	1	0	8	29	0	1	0	6.35604
3204	0	6	9	0	8	29	0	1	0	0.99255
3204	0	8	7	0	8	29	0	1	1	34154.6
3204	0	8	1	0	8	29	0	1	0	5.63301
3204	0	8	9	0	8	29	0	1	0	1.11986
3204	0	10	7	0	8	29	0	1	1	114549
3204	0	10	9	0	8	29	0	1	0	37.8506
3204	0	10	1	0	8	29	0	1	0	0.166692
3208	0	1	2	0	8	29	0	1	1	213373
3208	0	1	4	0	8	29	0	1	0	2.63201
3208	0	1	10	0	8	29	0	1	0	1.07494
3208	0	1	6	0	8	29	0	1	0	0.583955
3208	0	3	2	0	8	29	0	1	1	204847
3208	0	3	10	0	8	29	0	1	0	2.1724
3208	0	3	6	0	8	29	0	1	0	1.12475
3208	0	3	4	0	8	29	0	1	0	0.737353
3208	0	5	2	0	8	29	0	1	1	99573.7
3208	0	5	6	0	8	29	0	1	0	9.46722
3208	0	5	4	0	8	29	0	1	0	0.298617
3208	0	5	10	0	8	29	0	1	0	0.28976
3208	0	7	2	0	8	29	0	1	1	152535
3208	0	7	4	0	8	29	0	1	0	3.62487
3208	0	7	10	0	8	29	0	1	0	0.975583
3208	0	7	6	0	8	29	0	1	0	0.373922
3208	0	8	2	0	8	29	0	1	1	36870.4
3208	0	8	6	0	8	29	0	1	0	17.251
3208	0	8	4	0	8	29	0	1	0	0.224815
3208	0	8	10	0	8	29	0	1	0	0.11821
3208	0	9	2	0	8	29	0	1	1	92361.5
3208	0	9	10	0	8	29	0	1	0	37.3906
3208	0	9	4	0	8	29	0	1	0	0.125218
3208	0	9	6	0	8	29	0	1	0	0.039459
3212	0	1	5	0	8	29	0	1	1	41537.4
3212	0	1	8	0	8	29	0	1	1	37642.4
3212	0	2	5	0	8	29	0	1	1	99573.7
3212	0	2	8	0	8	29	0	1	1	36870.4
3212	0	3	5	0	8	29	0	1	1	62367.8
3212	0	3	8	0	8	29	0	1	1	19188.2
3212	0	4	8	0	8	29	0	1	1	26422.1
3212	0	4	5	0	8	29	0	1	1	19518.3
3212	0	6	8	0	8	29	0	1	1	280759
3212	0	6	5	0	8	29	0	1	1	145181
3212	0	7	5	0	8	29	0	1	1	35156.9
3212	0	7	8	0	8	29	0	1	1	34154.6
3212	0	9	5	0	8	29	0	1	1	24022.1
3212	0	9	8	0	8	29	0	1	1	16783.1
3212	0	10	5	0	8	29	0	1	1	18999.3
3212	0	10	8	0	8	29	0	1	1	14456.2
3520	0	2	3	0	8	29	0	1	1	204847
3520	0	2	1	0	8	29	0	1	0	5.8028
3520	0	2	9	0	8	29	0	1	0	1.08729
3520	0	4	3	0	8	29	0	1	1	25411.3
3520	0	4	1	0	8	29	0	1	0	5.61627
3520	0	4	9	0	8	29	0	1	0	1.12339
3520	0	5	3	0	8	29	0	1	1	62367.8
3520	0	5	1	0	8	29	0	1	0	4.34293
3520	0	5	9	0	8	29	0	1	0	1.4526
3520	0	6	3	0	8	29	0	1	1	34633
3520	0	6	1	0	8	29	0	1	0	6.35604
3520	0	6	9	0	8	29	0	1	0	0.99255
3520	0	7	3	0	8	29	0	1	1	54075.1
3520	0	7	1	0	8	29	0	1	0	85.8438
3520	0	7	9	0	8	29	0	1	0	0.0734994
3520	0	8	3	0	8	29	0	1	1	19188.2
3520	0	8	1	0	8	29	0	1	0	5.63301
3520	0	8	9	0	8	29	0	1	0	1.11986
3520	0	10	3	0	8	29	0	1	1	51931.4
3520	0	10	9	0	8	29	0	1	0	37.8506
3520	0	10	1	0	8	29	0	1	0	0.166692
3524	0	1	10	0	8	29	0	1	1	99866.1
3524	0	1	6	0	8	29	0	1	1	62855.8
3524	0	2	6	0	8	29	0	1	1	82713.4
3524	0	2	10	0	8	29	0	1	1	59834.2
3524	0	3	10	0	8	29	0	1	1	51931.4
3524	0	3	6	0	8	29	0	1	1	34633
3524	0	4	10	0	8	29	0	1	1	76135.5
3524	0	4	6	0	8	29	0	1	1	31415
3524	0	5	6	0	8	29	0	1	1	145181
3524	0	5	10	0	8	29	0	1	1	18999.3
3524	0	7	10	0	8	29	0	1	1	114549
3524	0	7	6	0	8	29	0	1	1	53058.1
3524	0	8	6	0	8	29	0	1	1	280759
3524	0	8	10	0	8	29	0	1	1	14456.2
3524	0	9	10	0	8	29	0	1	1	1.50488e+06
3524	0	9	6	0	8	29	0	1	1	24837.9
3528	0	1	7	0	8	29	0	1	1	5.46974e+06
3528	0	2	7	0	8	29	0	1	1	152535
3528	0	3	7	0	8	29	0	1	1	54075.1
3528	0	4	7	0	8	29	0	1	1	241875
3528	0	5	7	0	8	29	0	1	1	35156.9
3528	0	6	7	0	8	29	0	1	1	53058.1
3528	0	8	7	0	8	29	0	1	1	34154.6
3528	0	9	7	0	8	29	0	1	1	160048
3528	0	10	7	0	8	29	0	1	1	114549
3536	0	1	2	0	8	29	0	1	1	213373
3536	0	1	4	0	8	29	0	1	1	170506
3536	0	1	5	0	8	29	0	1	1	41537.4
3536	0	1	8	0	8	29	0	1	1	37642.4
3536	0	3	2	0	8	29	0	1	1	204847
3536	0	3	5	0	8	29	0	1	1	62367.8
3536	0	3	4	0	8	29	0	1	1	25411.3
3536	0	3	8	0	8	29	0	1	1	19188.2
3536	0	6	8	0	8	29	0	1	1	280759
3536	0	6	5	0	8	29	0	1	1	145181
3536	0	6	2	0	8	29	0	1	1	82713.4
3536	0	6	4	0	8	29	0	1	1	31415
3536	0	7	4	0	8	29	0	1	1	241875
3536	0	7	2	0	8	29	0	1	1	152535
3536	0	7	5	0	8	29	0	1	1	35156.9
3536	0	7	8	0	8	29	0	1	1	34154.6
3536	0	9	2	0	8	29	0	1	1	92361.5
3536	0	9	4	0	8	29	0	1	1	76256.7
3536	0	9	5	0	8	29	0	1	1	24022.1
3536	0	9	8	0	8	29	0	1	1	16783.1
3536	0	10	4	0	8	29	0	1	1	76135.5
3536	0	10	2	0	8	29	0	1	1	59834.2
3536	0	10	5	0	8	29	0	1	1	18999.3
3536	0	10	8	0	8	29	0	1	1	14456.2
3840	0	1	8	0	8	29	0	1	1	37642.4
3840	0	1	10	0	8	29	0	1	0	6.03883
3840	0	1	5	0	8	29	0	1	0	1.04474
3840	0	2	8	0	8	29	0	1	1	36870.4
3840	0	2	5	0	8	29	0	1	0	4.18
3840	0	2	10	0	8	29	0	1	0	1.50936
3840	0	3	8	0	8	29	0	1	1	19188.2
3840	0	3	5	0	8	29	0	1	0	3.01654
3840	0	3	10	0	8	29	0	1	0	2.09147
3840	0	4	8	0	8	29	0	1	1	26422.1
3840	0	4	10	0	8	29	0	1	0	9.79691
3840	0	4	5	0	8	29	0	1	0	0.643933
3840	0	6	8	0	8	29	0	1	1	280759
3840	0	6	5	0	8	29	0	1	0	18.0421
3840	0	6	10	0	8	29	0	1	0	0.349664
3840	0	7	8	0	8	29	0	1	1	34154.6
3840	0	7	10	0	8	29	0	1	0	8.18371
3840	0	7	5	0	8	29	0	1	0	0.770919
3840	0	9	8	0	8	29	0	1	1	16783.1
3840	0	9	10	0	8	29	0	1	0	157.342
3840	0	9	5	0	8	29	0	1	0	0.0400967
3848	0	1	4	0	8	29	0	1	1	170506
3848	0	1	6	0	8	29	0	1	1	62855.8
3848	0	1	3	0	8	29	0	1	1	62365.3
3848	0	2	3	0	8	29	0	1	1	204847
3848	0	2	6	0	8	29	0	1	1	82713.4
3848	0	2	4	0	8	29	0	1	1	47547.8
3848	0	5	6	0	8	29	0	1	1	145181
3848	0	5	3	0	8	29	0	1	1	62367.8
3848	0	5	4	0	8	29	0	1	1	19518.3
3848	0	7	4	0	8	29	0	1	1	241875
3848	0	7	3	0	8	29	0	1	1	54075.1
3848	0	7	6	0	8	29	0	1	1	53058.1
3848	0	8	6	0	8	29	0	1	1	280759
3848	0	8	4	0	8	29	0	1	1	26422.1
3848	0	8	3	0	8	29	0	1	1	19188.2
3848	0	9	4	0	8	29	0	1	1	76256.7
3848	0	9	3	0	8	29	0	1	1	75937.9
3848	0	9	6	0	8	29	0	1	1	24837.9
3848	0	10	4	0	8	29	0	1	1	76135.5
3848	0	10	3	0	8	29	0	1	1	51931.4
3848	0	10	6	0	8	29	0	1	1	20210.1
3852	0	1	7	0	8	29	0	1	1	5.46974e+06
3852	0	1	2	0	8	29	0	1	1	213373
3852	0	1	9	0	8	29	0	1	1	145812
3852	0	3	2	0	8	29	0	1	1	204847
3852	0	3	9	0	8	29	0	1	1	75937.9
3852	0	3	7	0	8	29	0	1	1	54075.1
3852	0	4	7	0	8	29	0	1	1	241875
3852	0	4	9	0	8	29	0	1	1	76256.7
3852	0	4	2	0	8	29	0	1	1	47547.8
3852	0	5	2	0	8	29	0	1	1	99573.7
3852	0	5	7	0	8	29	0	1	1	35156.9
3852	0	5	9	0	8	29	0	1	1	24022.1
3852	0	6	2	0	8	29	0	1	1	82713.4
3852	0	6	7	0	8	29	0	1	1	53058.1
3852	0	6	9	0	8	29	0	1	1	24837.9
3852	0	8	2	0	8	29	0	1	1	36870.4
3852	0	8	7	0	8	29	0	1	1	34154.6
3852	0	8	9	0	8	29	0	1	1	16783.1
3852	0	10	9	0	8	29	0	1	1	1.50488e+06
3852	0	10	7	0	8	29	0	1	1	114549
3852	0	10	2	0	8	29	0	1	1	59834.2
3856	0	2	1	0	8	29	0	1	1	213373
3856	0	3	1	0	8	29	0	1	1	62365.3
3856	0	4	1	0	8	29	0	1	1	170506
3856	0	5	1	0	8	29	0	1	1	41537.4
3856	0	6	1	0	8	29	0	1	1	62855.8
3856	0	7	1	0	8	29	0	1	1	5.46974e+06
3856	0	8	1	0	8	29	0	1	1	37642.4
3856	0	9	1	0	8	29	0	1	1	145812
3856	0	10	1	0	8	29	0	1	1	99866.1
4160	0	1	2	0	8	29	0	1	1	213373
4160	0	1	6	0	8	29	0	1	1	62855.8
4160	0	3	2	0	8	29	0	1	1	204847
4160	0	3	6	0	8	29	0	1	1	34633
4160	0	4	2	0	8	29	0	1	1	47547.8
4160	0	4	6	0	8	29	0	1	1	31415
4160	0	5	6	0	8	29	0	1	1	145181
4160	0	5	2	0	8	29	0	1	1	99573.7
4160	0	7	2	0	8	29	0	1	1	152535
4160	0	7	6	0	8	29	0	1	1	53058.1
4160	0	8	6	0	8	29	0	1	1	280759
4160	0	8	2	0	8	29	0	1	1	36870.4
4160	0	9	2	0	8	29	0	1	1	92361.5
4160	0	9	6	0	8	29	0	1	1	24837.9
4160	0	10	2	0	8	29	0	1	1	59834.2
4160	0	10	6	0	8	29	0	1	1	20210.1
4164	0	1	3	0	8	29	0	1	1	62365.3
4164	0	1	5	0	8	29	0	1	1	41537.4
4164	0	2	3	0	8	29	0	1	1	204847
4164	0	2	5	0	8	29	0	1	1	99573.7
4164	0	4	3	0	8	29	0	1	1	25411.3
4164	0	4	5	0	8	29	0	1	1	19518.3
4164	0	6	5	0	8	29	0	1	1	145181
4164	0	6	3	0	8	29	0	1	1	34633
4164	0	7	3	0	8	29	0	1	1	54075.1
4164	0	7	5	0	8	29	0	1	1	35156.9
4164	0	8	5	0	8	29	0	1	1	52949.2
4164	0	8	3	0	8	29	0	1	1	19188.2
4164	0	9	3	0	8	29	0	1	1	75937.9
4164	0	9	5	0	8	29	0	1	1	24022.1
4164	0	10	3	0	8	29	0	1	1	51931.4
4164	0	10	5	0	8	29	0	1	1	18999.3
4172	0	2	10	0	8	29	0	1	1	59834.2
4172	0	2	4	0	8	29	0	1	1	47547.8
4172	0	2	8	0	8	29	0	1	1	36870.4
4172	0	2	1	0	8	29	0	1	0	3.51369
4172	0	2	7	0	8	29	0	1	0	1.79566
4172	0	3	10	0	8	29	0	1	1	51931.4
4172	0	3	4	0	8	29	0	1	1	25411.3
4172	0	3	8	0	8	29	0	1	1	19188.2
4172	0	3	1	0	8	29	0	1	0	2.89685
4172	0	3	7	0	8	29	0	1	0	2.17789
4172	0	5	8	0	8	29	0	1	1	52949.2
4172	0	5	4	0	8	29	0	1	1	19518.3
4172	0	5	10	0	8	29	0	1	1	18999.3
4172	0	5	1	0	8	29	0	1	0	2.96755
4172	0	5	7	0	8	29	0	1	0	2.12591
4172	0	6	8	0	8	29	0	1	1	280759
4172	0	6	4	0	8	29	0	1	1	31415
4172	0	6	10	0	8	29	0	1	1	20210.1
4172	0	6	1	0	8	29	0	1	0	2.97559
4172	0	6	7	0	8	29	0	1	0	2.12026
4172	0	9	10	0	8	29	0	1	1	1.50488e+06
4172	0	9	4	0	8	29	0	1	1	76256.7
4172	0	9	8	0	8	29	0	1	1	16783.1
4172	0	9	7	0	8	29	0	1	0	2.75709
4172	0	9	1	0	8	29	0	1	0	2.28841
4176	0	1	9	0	8	29	0	1	1	145812
4176	0	2	9	0	8	29	0	1	1	92361.5
4176	0	3	9	0	8	29	0	1	1	75937.9
4176	0	4	9	0	8	29	0	1	1	76256.7
4176	0	5	9	0	8	29	0	1	1	24022.1
4176	0	6	9	0	8	29	0	1	1	24837.9
4176	0	7	9	0	8	29	0	1	1	160048
4176	0	8	9	0	8	29	0	1	1	16783.1
4176	0	10	9	0	8	29	0	1	1	1.50488e+06
4480	0	2	1	0	8	29	0	1	1	213373
4480	0	2	3	0	8	29	0	1	1	204847
4480	0	2	9	0	8	29	0	1	1	92361.5
4480	0	4	1	0	8	29	0	1	1	170506
4480	0	4	9	0	8	29	0	1	1	76256.7
4480	0	4	3	0	8	29	0	1	1	25411.3
4480	0	5	3	0	8	29	0	1	1	62367.8
4480	0	5	1	0	8	29	0	1	1	41537.4
4480	0	5	9	0	8	29	0	1	1	24022.1
4480	0	6	1	0	8	29	0	1	1	62855.8
4480	0	6	3	0	8	29	0	1	1	34633
4480	0	6	9	0	8	29	0	1	1	24837.9
4480	0	7	1	0	8	29	0	1	1	5.46974e+06
4480	0	7	9	0	8	29	0	1	1	160048
4480	0	7	3	0	8	29	0	1	1	54075.1
4480	0	8	1	0	8	29	0	1	1	37642.4
4480	0	8	3	0	8	29	0	1	1	19188.2
4480	0	8	9	0	8	29	0	1	1	16783.1
4480	0	10	9	0	8	29	0	1	1	1.50488e+06
4480	0	10	1	0	8	29	0	1	1	99866.1
4480	0	10	3	0	8	29	0	1	1	51931.4
4484	0	1	2	0	8	29	0	1	1	213373
4484	0	1	4	0	8	29	0	1	1	170506
4484	0	3	2	0	8	29	0	1	1	204847
4484	0	3	4	0	8	29	0	1	1	25411.3
4484	0	5	2	0	8	29	0	1	1	99573.7
4484	0	5	4	0	8	29	0	1	1	19518.3
4484	0	6	2	0	8	29	0	1	1	82713.4
4484	0	6	4	0	8	29	0	1	1	31415
4484	0	7	4	0	8	29	0	1	1	241875
4484	0	7	2	0	8	29	0	1	1	152535
4484	0	8	2	0	8	29	0	1	1	36870.4
4484	0	8	4	0	8	29	0	1	1	26422.1
4484	0	9	2	0	8	29	0	1	1	92361.5
4484	0	9	4	0	8	29	0	1	1	76256.7
4484	0	10	4	0	8	29	0	1	1	76135.5
4484	0	10	2	0	8	29	0	1	1	59834.2
4488	0	1	5	0	8	29	0	1	1	41537.4
4488	0	2	5	0	8	29	0	1	1	99573.7
4488	0	3	5	0	8	29	0	1	1	62367.8
4488	0	4	5	0	8	29	0	1	1	19518.3
4488	0	6	5	0	8	29	0	1	1	145181
4488	0	7	5	0	8	29	0	1	1	35156.9
4488	0	8	5	0	8	29	0	1	1	52949.2
4488	0	9	5	0	8	29	0	1	1	24022.1
4488	0	10	5	0	8	29	0	1	1	18999.3
4492	0	1	7	0	8	29	0	1	1	5.46974e+06
4492	0	1	8	0	8	29	0	1	1	37642.4
4492	0	2	7	0	8	29	0	1	1	152535
4492	0	2	8	0	8	29	0	1	1	36870.4
4492	0	3	7	0	8	29	0	1	1	54075.1
4492	0	3	8	0	8	29	0	1	1	19188.2
4492	0	4	7	0	8	29	0	1	1	241875
4492	0	4	8	0	8	29	0	1	1	26422.1
4492	0	5	8	0	8	29	0	1	1	52949.2
4492	0	5	7	0	8	29	0	1	1	35156.9
4492	0	6	8	0	8	29	0	1	1	280759
4492	0	6	7	0	8	29	0	1	1	53058.1
4492	0	9	7	0	8	29	0	1	1	160048
4492	0	9	8	0	8	29	0	1	1	16783.1
4492	0	10	7	0	8	29	0	1	1	114549
4492	0	10	8	0	8	29	0	1	1	14456.2
4496	0	1	10	0	8	29	0	1	1	99866.1
4496	0	1	6	0	8	29	0	1	1	62855.8
4496	0	2	6	0	8	29	0	1	1	82713.4
4496	0	2	10	0	8	29	0	1	1	59834.2
4496	0	3	10	0	8	29	0	1	1	51931.4
4496	0	3	6	0	8	29	0	1	1	34633
4496	0	4	10	0	8	29	0	1	1	76135.5
4496	0	4	6	0	8	29	0	1	1	31415
4496	0	5	6	0	8	29	0	1	1	145181
4496	0	5	10	0	8	29	0	1	1	18999.3
4496	0	7	10	0	8	29	0	1	1	114549
4496	0	7	6	0	8	29	0	1	1	53058.1
4496	0	8	6	0	8	29	0	1	1	280759
4496	0	8	10	0	8	29	0	1	1	14456.2
4496	0	9	10	0	8	29	0	1	1	1.50488e+06
4496	0	9	6	0	8	29	0	1	1	24837.9
4800	0	1	3	0	8	29	0	1	1	62365.3
4800	0	1	5	0	8	29	0	1	1	41537.4
4800	0	2	3	0	8	29	0	1	1	204847
4800	0	2	5	0	8	29	0	1	1	99573.7
4800	0	4	3	0	8	29	0	1	1	25411.3
4800	0	4	5	0	8	29	0	1	1	19518.3
4800	0	6	5	0	8	29	0	1	1	145181
4800	0	6	3	0	8	29	0	1	1	34633
4800	0	7	3	0	8	29	0	1	1	54075.1
4800	0	7	5	0	8	29	0	1	1	35156.9
4800	0	8	5	0	8	29	0	1	1	52949.2
4800	0	8	3	0	8	29	0	1	1	19188.2
4800	0	9	3	0	8	29	0	1	1	75937.9
4800	0	9	5	0	8	29	0	1	1	24022.1
4800	0	10	3	0	8	29	0	1	1	51931.4
4800	0	10	5	0	8	29	0	1	1	18999.3
4804	0	1	9	0	8	29	0	1	1	145812
4804	0	2	9	0	8	29	0	1	1	92361.5
4804	0	3	9	0	8	29	0	1	1	75937.9
4804	0	4	9	0	8	29	0	1	1	76256.7
4804	0	5	9	0	8	29	0	1	1	24022.1
4804	0	6	9	0	8	29	0	1	1	24837.9
4804	0	7	9	0	8	29	0	1	1	160048
4804	0	8	9	0	8	29	0	1	1	16783.1
4804	0	10	9	0	8	29	0	1	1	1.50488e+06
4812	0	3	10	0	8	29	0	1	1	51931.4
4812	0	3	6	0	8	29	0	1	1	34633
4812	0	3	4	0	8	29	0	1	1	25411.3
4812	0	3	8	0	8	29	0	1	1	19188.2
4812	0	3	2	0	8	29	0	1	0	8.2503
4812	0	3	1	0	8	29	0	1	0	0.764728
4812	0	5	6	0	8	29	0	1	1	145181
4812	0	5	8	0	8	29	0	1	1	52949.2
4812	0	5	4	0	8	29	0	1	1	19518.3
4812	0	5	10	0	8	29	0	1	1	18999.3
4812	0	5	2	0	8	29	0	1	0	6.02115
4812	0	5	1	0	8	29	0	1	0	1.04781
4812	0	7	4	0	8	29	0	1	1	241875
4812	0	7	10	0	8	29	0	1	1	114549
4812	0	7	6	0	8	29	0	1	1	53058.1
4812	0	7	8	0	8	29	0	1	1	34154.6
4812	0	7	1	0	8	29	0	1	0	90.0721
4812	0	7	2	0	8	29	0	1	0	0.0700491
4812	0	9	10	0	8	29	0	1	1	1.50488e+06
4812	0	9	4	0	8	29	0	1	1	76256.7
4812	0	9	6	0	8	29	0	1	1	24837.9
4812	0	9	8	0	8	29	0	1	1	16783.1
4812	0	9	1	0	8	29	0	1	0	3.96543
4812	0	9	2	0	8	29	0	1	0	1.59108
4816	0	1	7	0	8	29	0	1	1	5.46974e+06
4816	0	2	7	0	8	29	0	1	1	152535
4816	0	3	7	0	8	29	0	1	1	54075.1
4816	0	4	7	0	8	29	0	1	1	241875
4816	0	5	7	0	8	29	0	1	1	35156.9
4816	0	6	7	0	8	29	0	1	1	53058.1
4816	0	8	7	0	8	29	0	1	1	34154.6
4816	0	9	7	0	8	29	0	1	1	160048
4816	0	10	7	0	8	29	0	1	1	114549
5120	0	1	7	0	8	29	0	1	1	5.46974e+06
5120	0	1	2	0	8	29	0	1	1	213373
5120	0	1	3	0	8	29	0	1	1	62365.3
5120	0	4	7	0	8	29	0	1	1	241875
5120	0	4	2	0	8	29	0	1	1	47547.8
5120	0	4	3	0	8	29	0	1	1	25411.3
5120	0	5	2	0	8	29	0	1	1	99573.7
5120	0	5	3	0	8	29	0	1	1	62367.8
5120	0	5	7	0	8	29	0	1	1	35156.9
5120	0	6	2	0	8	29	0	1	1	82713.4
5120	0	6	7	0	8	29	0	1	1	53058.1
5120	0	6	3	0	8	29	0	1	1	34633
5120	0	8	2	0	8	29	0	1	1	36870.4
5120	0	8	7	0	8	29	0	1	1	34154.6
5120	0	8	3	0	8	29	0	1	1	19188.2
5120	0	9	7	0	8	29	0	1	1	160048
5120	0	9	2	0	8	29	0	1	1	92361.5
5120	0	9	3	0	8	29	0	1	1	75937.9
5120	0	10	7	0	8	29	0	1	1	114549
5120	0	10	2	0	8	29	0	1	1	59834.2
5120	0	10	3	0	8	29	0	1	1	51931.4
5128	0	1	9	0	8	29	0	1	1	145812
5128	0	1	10	0	8	29	0	1	1	99866.1
5128	0	1	5	0	8	29	0	1	1	41537.4
5128	0	1	8	0	8	29	0	1	1	37642.4
5128	0	2	5	0	8	29	0	1	1	99573.7
5128	0	2	9	0	8	29	0	1	1	92361.5
5128	0	2	10	0	8	29	0	1	1	59834.2
5128	0	2	8	0	8	29	0	1	1	36870.4
5128	0	3	9	0	8	29	0	1	1	75937.9
5128	0	3	5	0	8	29	0	1	1	62367.8
5128	0	3	10	0	8	29	0	1	1	51931.4
5128	0	3	8	0	8	29	0	1	1	19188.2
5128	0	4	9	0	8	29	0	1	1	76256.7
5128	0	4	10	0	8	29	0	1	1	76135.5
5128	0	4	8	0	8	29	0	1	1	26422.1
5128	0	4	5	0	8	29	0	1	1	19518.3
5128	0	6	8	0	8	29	0	1	1	280759
5128	0	6	5	0	8	29	0	1	1	145181
5128	0	6	9	0	8	29	0	1	1	24837.9
5128	0	6	10	0	8	29	0	1	1	20210.1
5128	0	7	9	0	8	29	0	1	1	160048
5128	0	7	10	0	8	29	0	1	1	114549
5128	0	7	5	0	8	29	0	1	1	35156.9
5128	0	7	8	0	8	29	0	1	1	34154.6
5132	0	2	1	0	8	29	0	1	1	213373
5132	0	2	6	0	8	29	0	1	1	82713.4
5132	0	2	4	0	8	29	0	1	1	47547.8
5132	0	3	1	0	8	29	0	1	1	62365.3
5132	0	3	6	0	8	29	0	1	1	34633
5132	0	3	4	0	8	29	0	1	1	25411.3
5132	0	5	6	0	8	29	0	1	1	145181
5132	0	5	1	0	8	29	0	1	1	41537.4
5132	0	5	4	0	8	29	0	1	1	19518.3
5132	0	7	1	0	8	29	0	1	1	5.46974e+06
5132	0	7	4	0	8	29	0	1	1	241875
5132	0	7	6	0	8	29	0	1	1	53058.1
5132	0	8	6	0	8	29	0	1	1	280759
5132	0	8	1	0	8	29	0	1	1	37642.4
5132	0	8	4	0	8	29	0	1	1	26422.1
5132	0	9	1	0	8	29	0	1	1	145812
5132	0	9	4	0	8	29	0	1	1	76256.7
5132	0	9	6	0	8	29	0	1	1	24837.9
5132	0	10	1	0	8	29	0	1	1	99866.1
5132	0	10	4	0	8	29	0	1	1	76135.5
5132	0	10	6	0	8	29	0	1	1	20210.1
5440	0	3	10	0	8	29	0	1	1	51931.4
5440	0	3	4	0	8	29	0	1	1	25411.3
5440	0	3	2	0	8	29	0	1	0	8.2503
5440	0	3	1	0	8	29	0	1	0	0.764728
5440	0	5	4	0	8	29	0	1	1	19518.3
5440	0	5	10	0	8	29	0	1	1	18999.3
5440	0	5	2	0	8	29	0	1	0	6.02115
5440	0	5	1	0	8	29	0	1	0	1.04781
5440	0	6	4	0	8	29	0	1	1	31415
5440	0	6	10	0	8	29	0	1	1	20210.1
5440	0	6	2	0	8	29	0	1	0	3.30532
5440	0	6	1	0	8	29	0	1	0	1.90878
5440	0	7	4	0	8	29	0	1	1	241875
5440	0	7	10	0	8	29	0	1	1	114549
5440	0	7	1	0	8	29	0	1	0	90.0721
5440	0	7	2	0	8	29	0	1	0	0.0700491
5440	0	8	4	0	8	29	0	1	1	26422.1
5440	0	8	10	0	8	29	0	1	1	14456.2
5440	0	8	1	0	8	29	0	1	0	2.56431
5440	0	8	2	0	8	29	0	1	0	2.4602
5440	0	9	10	0	8	29	0	1	1	1.50488e+06
5440	0	9	4	0	8	29	0	1	1	76256.7
5440	0	9	1	0	8	29	0	1	0	3.96543
5440	0	9	2	0	8	29	0	1	0	1.59108
5448	0	1	9	0	8	29	0	1	1	145812
5448	0	2	9	0	8	29	0	1	1	92361.5
5448	0	3	9	0	8	29	0	1	1	75937.9
5448	0	4	9	0	8	29	0	1	1	76256.7
5448	0	5	9	0	8	29	0	1	1	24022.1
5448	0	6	9	0	8	29	0	1	1	24837.9
5448	0	7	9	0	8	29	0	1	1	160048
5448	0	8	9	0	8	29	0	1	1	16783.1
5448	0	10	9	0	8	29	0	1	1	1.50488e+06
5452	0	1	7	0	8	29	0	1	1	5.46974e+06
5452	0	1	3	0	8	29	0	1	1	62365.3
5452	0	2	3	0	8	29	0	1	1	204847
5452	0	2	7	0	8	29	0	1	1	152535
5452	0	4	7	0	8	29	0	1	1	241875
5452	0	4	3	0	8	29	0	1	1	25411.3
5452	0	5	3	0	8	29	0	1	1	62367.8
5452	0	5	7	0	8	29	0	1	1	35156.9
5452	0	6	7	0	8	29	0	1	1	53058.1
5452	0	6	3	0	8	29	0	1	1	34633
5452	0	8	7	0	8	29	0	1	1	34154.6
5452	0	8	3	0	8	29	0	1	1	19188.2
5452	0	9	7	0	8	29	0	1	1	160048
5452	0	9	3	0	8	29	0	1	1	75937.9
5452	0	10	7	0	8	29	0	1	1	114549
5452	0	10	3	0	8	29	0	1	1	51931.4
5456	0	1	6	0	8	29	0	1	1	62855.8
5456	0	1	5	0	8	29	0	1	1	41537.4
5456	0	1	8	0	8	29	0	1	1	37642.4
5456	0	2	5	0	8	29	0	1	1	99573.7
5456	0	2	6	0	8	29	0	1	1	82713.4
5456	0	2	8	0	8	29	0	1	1	36870.4
5456	0	3	5	0	8	29	0	1	1	62367.8
5456	0	3	6	0	8	29	0	1	1	34633
5456	0	3	8	0	8	29	0	1	1	19188.2
5456	0	4	6	0	8	29	0	1	1	31415
5456	0	4	8	0	8	29	0	1	1	26422.1
5456	0	4	5	0	8	29	0	1	1	19518.3
5456	0	7	6	0	8	29	0	1	1	53058.1
5456	0	7	5	0	8	29	0	1	1	35156.9
5456	0	7	8	0	8	29	0	1	1	34154.6
5456	0	9	6	0	8	29	0	1	1	24837.9
5456	0	9	5	0	8	29	0	1	1	24022.1
5456	0	9	8	0	8	29	0	1	1	16783.1
5456	0	10	6	0	8	29	0	1	1	20210.1
5456	0	10	5	0	8	29	0	1	1	18999.3
5456	0	10	8	0	8	29	0	1	1	14456.2
5760	0	1	7	0	8	29	0	1	1	5.46974e+06
5760	0	1	4	0	8	29	0	1	1	170506
5760	0	1	5	0	8	29	0	1	1	41537.4
5760	0	1	2	0	8	29	0	1	0	4.2801
5760	0	1	6	0	8	29	0	1	0	0.57259
5760	0	1	3	0	8	29	0	1	0	0.567113
5760	0	8	5	0	8	29	0	1	1	52949.2
5760	0	8	7	0	8	29	0	1	1	34154.6
5760	0	8	4	0	8	29	0	1	1	26422.1
5760	0	8	6	0	8	29	0	1	0	12.5797
5760	0	8	2	0	8	29	0	1	0	0.308766
5760	0	8	3	0	8	29	0	1	0	0.151743
5760	0	9	7	0	8	29	0	1	1	160048
5760	0	9	4	0	8	29	0	1	1	76256.7
5760	0	9	5	0	8	29	0	1	1	24022.1
5760	0	9	2	0	8	29	0	1	0	2.3021
5760	0	9	3	0	8	29	0	1	0	1.62751
5760	0	9	6	0	8	29	0	1	0	0.370703
5760	0	10	7	0	8	29	0	1	1	114549
5760	0	10	4	0	8	29	0	1	1	76135.5
5760	0	10	5	0	8	29	0	1	1	18999.3
5760	0	10	2	0	8	29	0	1	0	2.08329
5760	0	10	3	0	8	29	0	1	0	1.62962
5760	0	10	6	0	8	29	0	1	0	0.454204
5764	0	1	9	0	8	29	0	1	1	145812
5764	0	1	8	0	8	29	0	1	1	37642.4
5764	0	2	9	0	8	29	0	1	1	92361.5
5764	0	2	8	0	8	29	0	1	1	36870.4
5764	0	3	9	0	8	29	0	1	1	75937.9
5764	0	3	8	0	8	29	0	1	1	19188.2
5764	0	4	9	0	8	29	0	1	1	76256.7
5764	0	4	8	0	8	29	0	1	1	26422.1
5764	0	5	8	0	8	29	0	1	1	52949.2
5764	0	5	9	0	8	29	0	1	1	24022.1
5764	0	6	8	0	8	29	0	1	1	280759
5764	0	6	9	0	8	29	0	1	1	24837.9
5764	0	7	9	0	8	29	0	1	1	160048
5764	0	7	8	0	8	29	0	1	1	34154.6
5764	0	10	9	0	8	29	0	1	1	1.50488e+06
5764	0	10	8	0	8	29	0	1	1	14456.2
5768	0	2	1	0	8	29	0	1	1	213373
5768	0	2	10	0	8	29	0	1	1	59834.2
5768	0	3	1	0	8	29	0	1	1	62365.3
5768	0	3	10	0	8	29	0	1	1	51931.4
5768	0	4	1	0	8	29	0	1	1	170506
5768	0	4	10	0	8	29	0	1	1	76135.5
5768	0	5	1	0	8	29	0	1	1	41537.4
5768	0	5	10	0	8	29	0	1	1	18999.3
5768	0	6	1	0	8	29	0	1	1	62855.8
5768	0	6	10	0	8	29	0	1	1	20210.1
5768	0	7	1	0	8	29	0	1	1	5.46974e+06
5768	0	7	10	0	8	29	0	1	1	114549
5768	0	8	1	0	8	29	0	1	1	37642.4
5768	0	8	10	0	8	29	0	1	1	14456.2
5768	0	9	10	0	8	29	0	1	1	1.50488e+06
5768	0	9	1	0	8	29	0	1	1	145812
6080	0	1	9	0	8	29	0	1	1	145812
6080	0	1	5	0	8	29	0	1	1	41537.4
6080	0	2	5	0	8	29	0	1	1	99573.7
6080	0	2	9	0	8	29	0	1	1	92361.5
6080	0	3	9	0	8	29	0	1	1	75937.9
6080	0	3	5	0	8	29	0	1	1	62367.8
6080	0	4	9	0	8	29	0	1	1	76256.7
6080	0	4	5	0	8	29	0	1	1	19518.3
6080	0	6	5	0	8	29	0	1	1	145181
6080	0	6	9	0	8	29	0	1	1	24837.9
6080	0	7	9	0	8	29	0	1	1	160048
6080	0	7	5	0	8	29	0	1	1	35156.9
6080	0	8	5	0	8	29	0	1	1	52949.2
6080	0	8	9	0	8	29	0	1	1	16783.1
6080	0	10	9	0	8	29	0	1	1	1.50488e+06
6080	0	10	5	0	8	29	0	1	1	18999.3
6084	0	1	4	0	8	29	0	1	0	3.42022
6084	0	1	6	0	8	29	0	1	0	0.677992
6084	0	1	3	0	8	29	0	1	0	0.671287
6084	0	2	3	0	8	29	0	1	0	3.95009
6084	0	2	6	0	8	29	0	1	0	0.823172
6084	0	2	4	0	8	29	0	1	0	0.415333
6084	0	5	6	0	8	29	0	1	0	4.45335
6084	0	5	3	0	8	29	0	1	0	0.951178
6084	0	5	4	0	8	29	0	1	0	0.23622
6084	0	7	4	0	8	29	0	1	0	5.67097
6084	0	7	3	0	8	29	0	1	0	0.460542
6084	0	7	6	0	8	29	0	1	0	0.450328
6084	0	8	6	0	8	29	0	1	0	15.4613
6084	0	8	4	0	8	29	0	1	0	0.221269
6084	0	8	3	0	8	29	0	1	0	0.156905
6084	0	9	4	0	8	29	0	1	0	1.90069
6084	0	9	3	0	8	29	0	1	0	1.88677
6084	0	9	6	0	8	29	0	1	0	0.409929
6084	0	10	4	0	8	29	0	1	0	2.65086
6084	0	10	3	0	8	29	0	1	0	1.3539
6084	0	10	6	0	8	29	0	1	0	0.396391
6088	0	2	1	0	8	29	0	1	1	213373
6088	0	3	1	0	8	29	0	1	1	62365.3
6088	0	4	1	0	8	29	0	1	1	170506
6088	0	5	1	0	8	29	0	1	1	41537.4
6088	0	6	1	0	8	29	0	1	1	62855.8
6088	0	7	1	0	8	29	0	1	1	5.46974e+06
6088	0	8	1	0	8	29	0	1	1	37642.4
6088	0	9	1	0	8	29	0	1	1	145812
6088	0	10	1	0	8	29	0	1	1	99866.1
6092	0	1	2	0	8	29	0	1	1	213373
6092	0	1	10	0	8	29	0	1	1	99866.1
6092	0	3	2	0	8	29	0	1	1	204847
6092	0	3	10	0	8	29	0	1	1	51931.4
6092	0	4	10	0	8	29	0	1	1	76135.5
6092	0	4	2	0	8	29	0	1	1	47547.8
6092	0	5	2	0	8	29	0	1	1	99573.7
6092	0	5	10	0	8	29	0	1	1	18999.3
6092	0	6	2	0	8	29	0	1	1	82713.4
6092	0	6	10	0	8	29	0	1	1	20210.1
6092	0	7	2	0	8	29	0	1	1	152535
6092	0	7	10	0	8	29	0	1	1	114549
6092	0	8	2	0	8	29	0	1	1	36870.4
6092	0	8	10	0	8	29	0	1	1	14456.2
6092	0	9	10	0	8	29	0	1	1	1.50488e+06
6092	0	9	2	0	8	29	0	1	1	92361.5
6096	0	1	7	0	8	29	0	1	1	5.46974e+06
6096	0	1	8	0	8	29	0	1	1	37642.4
6096	0	2	7	0	8	29	0	1	1	152535
6096	0	2	8	0	8	29	0	1	1	36870.4
6096	0	3	7	0	8	29	0	1	1	54075.1
6096	0	3	8	0	8	29	0	1	1	19188.2
6096	0	4	7	0	8	29	0	1	1	241875
6096	0	4	8	0	8	29	0	1	1	26422.1
6096	0	5	8	0	8	29	0	1	1	52949.2
6096	0	5	7	0	8	29	0	1	1	35156.9
6096	0	6	8	0	8	29	0	1	1	280759
6096	0	6	7	0	8	29	0	1	1	53058.1
6096	0	9	7	0	8	29	0	1	1	160048
6096	0	9	8	0	8	29	0	1	1	16783.1
6096	0	10	7	0	8	29	0	1	1	114549
6096	0	10	8	0	8	29	0	1	1	14456.2
6400	0	1	3	0	8	29	0	1	1	62365.3
6400	0	1	8	0	8	29	0	1	1	37642.4
6400	0	2	3	0	8	29	0	1	1	204847
6400	0	2	8	0	8	29	0	1	1	36870.4
6400	0	4	8	0	8	29	0	1	1	26422.1
6400	0	4	3	0	8	29	0	1	1	25411.3
6400	0	5	3	0	8	29	0	1	1	62367.8
6400	0	5	8	0	8	29	0	1	1	52949.2
6400	0	6	8	0	8	29	0	1	1	280759
6400	0	6	3	0	8	29	0	1	1	34633
6400	0	7	3	0	8	29	0	1	1	54075.1
6400	0	7	8	0	8	29	0	1	1	34154.6
6400	0	9	3	0	8	29	0	1	1	75937.9
6400	0	9	8	0	8	29	0	1	1	16783.1
6400	0	10	3	0	8	29	0	1	1	51931.4
6400	0	10	8	0	8	29	0	1	1	14456.2
6404	0	1	4	0	8	29	0	1	1	170506
6404	0	1	9	0	8	29	0	1	1	145812
6404	0	2	9	0	8	29	0	1	1	92361.5
6404	0	2	4	0	8	29	0	1	1	47547.8
6404	0	3	9	0	8	29	0	1	1	75937.9
6404	0	3	4	0	8	29	0	1	1	25411.3
6404	0	5	9	0	8	29	0	1	1	24022.1
6404	0	5	4	0	8	29	0	1	1	19518.3
6404	0	6	4	0	8	29	0	1	1	31415
6404	0	6	9	0	8	29	0	1	1	24837.9
6404	0	7	4	0	8	29	0	1	1	241875
6404	0	7	9	0	8	29	0	1	1	160048
6404	0	8	4	0	8	29	0	1	1	26422.1
6404	0	8	9	0	8	29	0	1	1	16783.1
6404	0	10	9	0	8	29	0	1	1	1.50488e+06
6404	0	10	4	0	8	29	0	1	1	76135.5
6408	0	1	6	0	8	29	0	1	1	62855.8
6408	0	2	6	0	8	29	0	1	1	82713.4
6408	0	3	6	0	8	29	0	1	1	34633
6408	0	4	6	0	8	29	0	1	1	31415
6408	0	5	6	0	8	29	0	1	1	145181
6408	0	7	6	0	8	29	0	1	1	53058.1
6408	0	8	6	0	8	29	0	1	1	280759
6408	0	9	6	0	8	29	0	1	1	24837.9
6408	0	10	6	0	8	29	0	1	1	20210.1
6412	0	2	1	0	8	29	0	1	1	213373
6412	0	2	7	0	8	29	0	1	1	152535
6412	0	2	5	0	8	29	0	1	1	99573.7
6412	0	3	5	0	8	29	0	1	1	62367.8
6412	0	3	1	0	8	29	0	1	1	62365.3
6412	0	3	7	0	8	29	0	1	1	54075.1
6412	0	4	7	0	8	29	0	1	1	241875
6412	0	4	1	0	8	29	0	1	1	170506
6412	0	4	5	0	8	29	0	1	1	19518.3
6412	0	6	5	0	8	29	0	1	1	145181
6412	0	6	1	0	8	29	0	1	1	62855.8
6412	0	6	7	0	8	29	0	1	1	53058.1
6412	0	8	5	0	8	29	0	1	1	52949.2
6412	0	8	1	0	8	29	0	1	1	37642.4
6412	0	8	7	0	8	29	0	1	1	34154.6
6412	0	9	7	0	8	29	0	1	1	160048
6412	0	9	1	0	8	29	0	1	1	145812
6412	0	9	5	0	8	29	0	1	1	24022.1
6412	0	10	7	0	8	29	0	1	1	114549
6412	0	10	1	0	8	29	0	1	1	99866.1
6412	0	10	5	0	8	29	0	1	1	18999.3
6416	0	1	2	0	8	29	0	1	1	213373
6416	0	1	10	0	8	29	0	1	1	99866.1
6416	0	3	2	0	8	29	0	1	1	204847
6416	0	3	10	0	8	29	0	1	1	51931.4
6416	0	4	10	0	8	29	0	1	1	76135.5
6416	0	4	2	0	8	29	0	1	1	47547.8
6416	0	5	2	0	8	29	0	1	1	99573.7
6416	0	5	10	0	8	29	0	1	1	18999.3
6416	0	6	2	0	8	29	0	1	1	82713.4
6416	0	6	10	0	8	29	0	1	1	20210.1
6416	0	7	2	0	8	29	0	1	1	152535
6416	0	7	10	0	8	29	0	1	1	114549
6416	0	8	2	0	8	29	0	1	1	36870.4
6416	0	8	10	0	8	29	0	1	1	14456.2
6416	0	9	10	0	8	29	0	1	1	1.50488e+06
6416	0	9	2	0	8	29	0	1	1	92361.5
6720	0	1	10	0	8	29	0	1	1	99866.1
6720	0	1	3	0	8	29	0	1	1	62365.3
6720	0	2	3	0	8	29	0	1	1	204847
6720	0	2	10	0	8	29	0	1	1	59834.2
6720	0	4	10	0	8	29	0	1	1	76135.5
6720	0	4	3	0	8	29	0	1	1	25411.3
6720	0	5	3	0	8	29	0	1	1	62367.8
6720	0	5	10	0	8	29	0	1	1	18999.3
6720	0	6	3	0	8	29	0	1	1	34633
6720	0	6	10	0	8	29	0	1	1	20210.1
6720	0	7	10	0	8	29	0	1	1	114549
6720	0	7	3	0	8	29	0	1	1	54075.1
6720	0	8	3	0	8	29	0	1	1	19188.2
6720	0	8	10	0	8	29	0	1	1	14456.2
6720	0	9	10	0	8	29	0	1	1	1.50488e+06
6720	0	9	3	0	8	29	0	1	1	75937.9
6724	0	1	8	0	8	29	0	1	1	37642.4
6724	0	2	8	0	8	29	0	1	1	36870.4
6724	0	3	8	0	8	29	0	1	1	19188.2
6724	0	4	8	0	8	29	0	1	1	26422.1
6724	0	5	8	0	8	29	0	1	1	52949.2
6724	0	6	8	0	8	29	0	1	1	280759
6724	0	7	8	0	8	29	0	1	1	34154.6
6724	0	9	8	0	8	29	0	1	1	16783.1
6724	0	10	8	0	8	29	0	1	1	14456.2
6728	0	1	4	0	8	29	0	1	1	170506
6728	0	2	4	0	8	29	0	1	1	47547.8
6728	0	3	4	0	8	29	0	1	1	25411.3
6728	0	5	4	0	8	29	0	1	1	19518.3
6728	0	6	4	0	8	29	0	1	1	31415
6728	0	7	4	0	8	29	0	1	1	241875
6728	0	8	4	0	8	29	0	1	1	26422.1
6728	0	9	4	0	8	29	0	1	1	76256.7
6728	0	10	4	0	8	29	0	1	1	76135.5
6732	0	3	2	0	8	29	0	1	1	204847
6732	0	3	5	0	8	29	0	1	1	62367.8
6732	0	3	1	0	8	29	0	1	0	2.89685
6732	0	3	7	0	8	29	0	1	0	2.17789
6732	0	4	2	0	8	29	0	1	1	47547.8
6732	0	4	5	0	8	29	0	1	1	19518.3
6732	0	4	7	0	8	29	0	1	0	3.56324
6732	0	4	1	0	8	29	0	1	0	1.7707
6732	0	6	5	0	8	29	0	1	1	145181
6732	0	6	2	0	8	29	0	1	1	82713.4
6732	0	6	1	0	8	29	0	1	0	2.97559
6732	0	6	7	0	8	29	0	1	0	2.12026
6732	0	8	5	0	8	29	0	1	1	52949.2
6732	0	8	2	0	8	29	0	1	1	36870.4
6732	0	8	1	0	8	29	0	1	0	2.76819
6732	0	8	7	0	8	29	0	1	0	2.27899
6732	0	9	2	0	8	29	0	1	1	92361.5
6732	0	9	5	0	8	29	0	1	1	24022.1
6732	0	9	7	0	8	29	0	1	0	2.75709
6732	0	9	1	0	8	29	0	1	0	2.28841
6732	0	10	2	0	8	29	0	1	1	59834.2
6732	0	10	5	0	8	29	0	1	1	18999.3
6732	0	10	7	0	8	29	0	1	0	2.88113
6732	0	10	1	0	8	29	0	1	0	2.18986
6736	0	1	9	0	8	29	0	1	1	145812
6736	0	1	6	0	8	29	0	1	1	62855.8
6736	0	2	9	0	8	29	0	1	1	92361.5
6736	0	2	6	0	8	29	0	1	1	82713.4
6736	0	3	9	0	8	29	0	1	1	75937.9
6736	0	3	6	0	8	29	0	1	1	34633
6736	0	4	9	0	8	29	0	1	1	76256.7
6736	0	4	6	0	8	29	0	1	1	31415
6736	0	5	6	0	8	29	0	1	1	145181
6736	0	5	9	0	8	29	0	1	1	24022.1
6736	0	7	9	0	8	29	0	1	1	160048
6736	0	7	6	0	8	29	0	1	1	53058.1
6736	0	8	6	0	8	29	0	1	1	280759
6736	0	8	9	0	8	29	0	1	1	16783.1
6736	0	10	9	0	8	29	0	1	1	1.50488e+06
6736	0	10	6	0	8	29	0	1	1	20210.1
7040	0	1	7	0	8	29	0	1	1	5.46974e+06
7040	0	1	2	0	8	29	0	1	1	213373
7040	0	1	10	0	8	29	0	1	1	99866.1
7040	0	3	2	0	8	29	0	1	1	204847
7040	0	3	7	0	8	29	0	1	1	54075.1
7040	0	3	10	0	8	29	0	1	1	51931.4
7040	0	4	7	0	8	29	0	1	1	241875
7040	0	4	10	0	8	29	0	1	1	76135.5
7040	0	4	2	0	8	29	0	1	1	47547.8
7040	0	5	2	0	8	29	0	1	1	99573.7
7040	0	5	7	0	8	29	0	1	1	35156.9
7040	0	5	10	0	8	29	0	1	1	18999.3
7040	0	6	2	0	8	29	0	1	1	82713.4
7040	0	6	7	0	8	29	0	1	1	53058.1
7040	0	6	10	0	8	29	0	1	1	20210.1
7040	0	8	2	0	8	29	0	1	1	36870.4
7040	0	8	7	0	8	29	0	1	1	34154.6
7040	0	8	10	0	8	29	0	1	1	14456.2
7040	0	9	10	0	8	29	0	1	1	1.50488e+06
7040	0	9	7	0	8	29	0	1	1	160048
7040	0	9	2	0	8	29	0	1	1	92361.5
7044	0	2	1	0	8	29	0	1	1	213373
7044	0	2	4	0	8	29	0	1	1	47547.8
7044	0	3	1	0	8	29	0	1	1	62365.3
7044	0	3	4	0	8	29	0	1	1	25411.3
7044	0	5	1	0	8	29	0	1	1	41537.4
7044	0	5	4	0	8	29	0	1	1	19518.3
7044	0	6	1	0	8	29	0	1	1	62855.8
7044	0	6	4	0	8	29	0	1	1	31415
7044	0	7	1	0	8	29	0	1	1	5.46974e+06
7044	0	7	4	0	8	29	0	1	1	241875
7044	0	8	1	0	8	29	0	1	1	37642.4
7044	0	8	4	0	8	29	0	1	1	26422.1
7044	0	9	1	0	8	29	0	1	1	145812
7044	0	9	4	0	8	29	0	1	1	76256.7
7044	0	10	1	0	8	29	0	1	1	99866.1
7044	0	10	4	0	8	29	0	1	1	76135.5
7048	0	1	6	0	8	29	0	1	1	62855.8
7048	0	2	6	0	8	29	0	1	1	82713.4
7048	0	3	6	0	8	29	0	1	1	34633
7048	0	4	6	0	8	29	0	1	1	31415
7048	0	5	6	0	8	29	0	1	1	145181
7048	0	7	6	0	8	29	0	1	1	53058.1
7048	0	8	6	0	8	29	0	1	1	280759
7048	0	9	6	0	8	29	0	1	1	24837.9
7048	0	10	6	0	8	29	0	1	1	20210.1
7052	0	1	9	0	8	29	0	1	1	145812
7052	0	1	8	0	8	29	0	1	1	37642.4
7052	0	2	9	0	8	29	0	1	1	92361.5
7052	0	2	8	0	8	29	0	1	1	36870.4
7052	0	3	9	0	8	29	0	1	1	75937.9
7052	0	3	8	0	8	29	0	1	1	19188.2
7052	0	4	9	0	8	29	0	1	1	76256.7
7052	0	4	8	0	8	29	0	1	1	26422.1
7052	0	5	8	0	8	29	0	1	1	52949.2
7052	0	5	9	0	8	29	0	1	1	24022.1
7052	0	6	8	0	8	29	0	1	1	280759
7052	0	6	9	0	8	29	0	1	1	24837.9
7052	0	7	9	0	8	29	0	1	1	160048
7052	0	7	8	0	8	29	0	1	1	34154.6
7052	0	10	9	0	8	29	0	1	1	1.50488e+06
7052	0	10	8	0	8	29	0	1	1	14456.2
7056	0	1	3	0	8	29	0	1	1	62365.3
7056	0	1	5	0	8	29	0	1	1	41537.4
7056	0	2	3	0	8	29	0	1	1	204847
7056	0	2	5	0	8	29	0	1	1	99573.7
7056	0	4	3	0	8	29	0	1	1	25411.3
7056	0	4	5	0	8	29	0	1	1	19518.3
7056	0	6	5	0	8	29	0	1	1	145181
7056	0	6	3	0	8	29	0	1	1	34633
7056	0	7	3	0	8	29	0	1	1	54075.1
7056	0	7	5	0	8	29	0	1	1	35156.9
7056	0	8	5	0	8	29	0	1	1	52949.2
7056	0	8	3	0	8	29	0	1	1	19188.2
7056	0	9	3	0	8	29	0	1	1	75937.9
7056	0	9	5	0	8	29	0	1	1	24022.1
7056	0	10	3	0	8	29	0	1	1	51931.4
7056	0	10	5	0	8	29	0	1	1	18999.3
7360	0	1	4	0	8	29	0	1	1	170506
7360	0	1	10	0	8	29	0	1	0	6.03883
7360	0	1	5	0	8	29	0	1	0	1.04474
7360	0	2	4	0	8	29	0	1	1	47547.8
7360	0	2	5	0	8	29	0	1	0	4.18
7360	0	2	10	0	8	29	0	1	0	1.50936
7360	0	3	4	0	8	29	0	1	1	25411.3
7360	0	3	5	0	8	29	0	1	0	3.01654
7360	0	3	10	0	8	29	0	1	0	2.09147
7360	0	6	4	0	8	29	0	1	1	31415
7360	0	6	5	0	8	29	0	1	0	18.0421
7360	0	6	10	0	8	29	0	1	0	0.349664
7360	0	7	4	0	8	29	0	1	1	241875
7360	0	7	10	0	8	29	0	1	0	8.18371
7360	0	7	5	0	8	29	0	1	0	0.770919
7360	0	8	4	0	8	29	0	1	1	26422.1
7360	0	8	5	0	8	29	0	1	0	9.19879
7360	0	8	10	0	8	29	0	1	0	0.685762
7360	0	9	4	0	8	29	0	1	1	76256.7
7360	0	9	10	0	8	29	0	1	0	157.342
7360	0	9	5	0	8	29	0	1	0	0.0400967
7364	0	1	7	0	8	29	0	1	1	5.46974e+06
7364	0	1	8	0	8	29	0	1	1	37642.4
7364	0	2	7	0	8	29	0	1	1	152535
7364	0	2	8	0	8	29	0	1	1	36870.4
7364	0	3	7	0	8	29	0	1	1	54075.1
7364	0	3	8	0	8	29	0	1	1	19188.2
7364	0	4	7	0	8	29	0	1	1	241875
7364	0	4	8	0	8	29	0	1	1	26422.1
7364	0	5	8	0	8	29	0	1	1	52949.2
7364	0	5	7	0	8	29	0	1	1	35156.9
7364	0	6	8	0	8	29	0	1	1	280759
7364	0	6	7	0	8	29	0	1	1	53058.1
7364	0	9	7	0	8	29	0	1	1	160048
7364	0	9	8	0	8	29	0	1	1	16783.1
7364	0	10	7	0	8	29	0	1	1	114549
7364	0	10	8	0	8	29	0	1	1	14456.2
7372	0	1	9	0	8	29	0	1	1	145812
7372	0	1	3	0	8	29	0	1	1	62365.3
7372	0	2	3	0	8	29	0	1	1	204847
7372	0	2	9	0	8	29	0	1	1	92361.5
7372	0	4	9	0	8	29	0	1	1	76256.7
7372	0	4	3	0	8	29	0	1	1	25411.3
7372	0	5	3	0	8	29	0	1	1	62367.8
7372	0	5	9	0	8	29	0	1	1	24022.1
7372	0	6	3	0	8	29	0	1	1	34633
7372	0	6	9	0	8	29	0	1	1	24837.9
7372	0	7	9	0	8	29	0	1	1	160048
7372	0	7	3	0	8	29	0	1	1	54075.1
7372	0	8	3	0	8	29	0	1	1	19188.2
7372	0	8	9	0	8	29	0	1	1	16783.1
7372	0	10	9	0	8	29	0	1	1	1.50488e+06
7372	0	10	3	0	8	29	0	1	1	51931.4
7376	0	3	2	0	8	29	0	1	1	204847
7376	0	3	1	0	8	29	0	1	1	62365.3
7376	0	3	6	0	8	29	0	1	1	34633
7376	0	4	1	0	8	29	0	1	1	170506
7376	0	4	2	0	8	29	0	1	1	47547.8
7376	0	4	6	0	8	29	0	1	1	31415
7376	0	5	6	0	8	29	0	1	1	145181
7376	0	5	2	0	8	29	0	1	1	99573.7
7376	0	5	1	0	8	29	0	1	1	41537.4
7376	0	7	1	0	8	29	0	1	1	5.46974e+06
7376	0	7	2	0	8	29	0	1	1	152535
7376	0	7	6	0	8	29	0	1	1	53058.1
7376	0	8	6	0	8	29	0	1	1	280759
7376	0	8	1	0	8	29	0	1	1	37642.4
7376	0	8	2	0	8	29	0	1	1	36870.4
7376	0	9	1	0	8	29	0	1	1	145812
7376	0	9	2	0	8	29	0	1	1	92361.5
7376	0	9	6	0	8	29	0	1	1	24837.9
7376	0	10	1	0	8	29	0	1	1	99866.1
7376	0	10	2	0	8	29	0	1	1	59834.2
7376	0	10	6	0	8	29	0	1	1	20210.1
7680	0	1	7	0	8	29	0	1	1	5.46974e+06
7680	0	1	6	0	8	29	0	1	1	62855.8
7680	0	1	3	0	8	29	0	1	1	62365.3
7680	0	1	5	0	8	29	0	1	1	41537.4
7680	0	1	8	0	8	29	0	1	1	37642.4
7680	0	2	3	0	8	29	0	1	1	204847
7680	0	2	7	0	8	29	0	1	1	152535
7680	0	2	5	0	8	29	0	1	1	99573.7
7680	0	2	6	0	8	29	0	1	1	82713.4
7680	0	2	8	0	8	29	0	1	1	36870.4
7680	0	4	7	0	8	29	0	1	1	241875
7680	0	4	6	0	8	29	0	1	1	31415
7680	0	4	8	0	8	29	0	1	1	26422.1
7680	0	4	3	0	8	29	0	1	1	25411.3
7680	0	4	5	0	8	29	0	1	1	19518.3
7680	0	9	7	0	8	29	0	1	1	160048
7680	0	9	3	0	8	29	0	1	1	75937.9
7680	0	9	6	0	8	29	0	1	1	24837.9
7680	0	9	5	0	8	29	0	1	1	24022.1
7680	0	9	8	0	8	29	0	1	1	16783.1
7680	0	10	7	0	8	29	0	1	1	114549
7680	0	10	3	0	8	29	0	1	1	51931.4
7680	0	10	6	0	8	29	0	1	1	20210.1
7680	0	10	5	0	8	29	0	1	1	18999.3
7680	0	10	8	0	8	29	0	1	1	14456.2
7692	0	3	2	0	8	29	0	1	1	204847
7692	0	3	1	0	8	29	0	1	1	62365.3
7692	0	4	1	0	8	29	0	1	1	170506
7692	0	4	2	0	8	29	0	1	1	47547.8
7692	0	5	2	0	8	29	0	1	1	99573.7
7692	0	5	1	0	8	29	0	1	1	41537.4
7692	0	6	2	0	8	29	0	1	1	82713.4
7692	0	6	1	0	8	29	0	1	1	62855.8
7692	0	7	1	0	8	29	0	1	1	5.46974e+06
7692	0	7	2	0	8	29	0	1	1	152535
7692	0	8	1	0	8	29	0	1	1	37642.4
7692	0	8	2	0	8	29	0	1	1	36870.4
7692	0	9	1	0	8	29	0	1	1	145812
7692	0	9	2	0	8	29	0	1	1	92361.5
7692	0	10	1	0	8	29	0	1	1	99866.1
7692	0	10	2	0	8	29	0	1	1	59834.2
7696	0	1	9	0	8	29	0	1	1	145812
7696	0	1	4	0	8	29	0	1	0	4.28856
7696	0	1	10	0	8	29	0	1	0	1.4712
7696	0	2	9	0	8	29	0	1	1	92361.5
7696	0	2	10	0	8	29	0	1	0	3.1608
7696	0	2	4	0	8	29	0	1	0	1.99601
7696	0	3	9	0	8	29	0	1	1	75937.9
7696	0	3	10	0	8	29	0	1	0	5.13287
7696	0	3	4	0	8	29	0	1	0	1.22907
7696	0	5	9	0	8	29	0	1	1	24022.1
7696	0	5	4	0	8	29	0	1	0	2.58016
7696	0	5	10	0	8	29	0	1	0	2.44478
7696	0	6	9	0	8	29	0	1	1	24837.9
7696	0	6	4	0	8	29	0	1	0	3.90404
7696	0	6	10	0	8	29	0	1	0	1.61583
7696	0	7	9	0	8	29	0	1	1	160048
7696	0	7	4	0	8	29	0	1	0	5.30383
7696	0	7	10	0	8	29	0	1	0	1.18959
7696	0	8	9	0	8	29	0	1	1	16783.1
7696	0	8	4	0	8	29	0	1	0	4.59028
7696	0	8	10	0	8	29	0	1	0	1.37418
8000	0	1	3	0	8	29	0	1	1	62365.3
8000	0	1	5	0	8	29	0	1	1	41537.4
8000	0	2	3	0	8	29	0	1	1	204847
8000	0	2	5	0	8	29	0	1	1	99573.7
8000	0	4	3	0	8	29	0	1	1	25411.3
8000	0	4	5	0	8	29	0	1	1	19518.3
8000	0	6	5	0	8	29	0	1	1	145181
8000	0	6	3	0	8	29	0	1	1	34633
8000	0	7	3	0	8	29	0	1	1	54075.1
8000	0	7	5	0	8	29	0	1	1	35156.9
8000	0	8	5	0	8	29	0	1	1	52949.2
8000	0	8	3	0	8	29	0	1	1	19188.2
8000	0	9	3	0	8	29	0	1	1	75937.9
8000	0	9	5	0	8	29	0	1	1	24022.1
8000	0	10	3	0	8	29	0	1	1	51931.4
8000	0	10	5	0	8	29	0	1	1	18999.3
8004	0	2	1	0	8	29	0	1	1	213373
8004	0	2	4	0	8	29	0	1	1	47547.8
8004	0	3	1	0	8	29	0	1	1	62365.3
8004	0	3	4	0	8	29	0	1	1	25411.3
8004	0	5	1	0	8	29	0	1	1	41537.4
8004	0	5	4	0	8	29	0	1	1	19518.3
8004	0	6	1	0	8	29	0	1	1	62855.8
8004	0	6	4	0	8	29	0	1	1	31415
8004	0	7	1	0	8	29	0	1	1	5.46974e+06
8004	0	7	4	0	8	29	0	1	1	241875
8004	0	8	1	0	8	29	0	1	1	37642.4
8004	0	8	4	0	8	29	0	1	1	26422.1
8004	0	9	1	0	8	29	0	1	1	145812
8004	0	9	4	0	8	29	0	1	1	76256.7
8004	0	10	1	0	8	29	0	1	1	99866.1
8004	0	10	4	0	8	29	0	1	1	76135.5
8008	0	1	7	0	8	29	0	1	1	5.46974e+06
8008	0	1	10	0	8	29	0	1	1	99866.1
8008	0	2	7	0	8	29	0	1	1	152535
8008	0	2	10	0	8	29	0	1	1	59834.2
8008	0	3	7	0	8	29	0	1	1	54075.1
8008	0	3	10	0	8	29	0	1	1	51931.4
8008	0	4	7	0	8	29	0	1	1	241875
8008	0	4	10	0	8	29	0	1	1	76135.5
8008	0	5	7	0	8	29	0	1	1	35156.9
8008	0	5	10	0	8	29	0	1	1	18999.3
8008	0	6	7	0	8	29	0	1	1	53058.1
8008	0	6	10	0	8	29	0	1	1	20210.1
8008	0	8	7	0	8	29	0	1	1	34154.6
8008	0	8	10	0	8	29	0	1	1	14456.2
8008	0	9	10	0	8	29	0	1	1	1.50488e+06
8008	0	9	7	0	8	29	0	1	1	160048
8012	0	1	2	0	8	29	0	1	1	213373
8012	0	1	6	0	8	29	0	1	1	62855.8
8012	0	3	2	0	8	29	0	1	1	204847
8012	0	3	6	0	8	29	0	1	1	34633
8012	0	4	2	0	8	29	0	1	1	47547.8
8012	0	4	6	0	8	29	0	1	1	31415
8012	0	5	6	0	8	29	0	1	1	145181
8012	0	5	2	0	8	29	0	1	1	99573.7
8012	0	7	2	0	8	29	0	1	1	152535
8012	0	7	6	0	8	29	0	1	1	53058.1
8012	0	8	6	0	8	29	0	1	1	280759
8012	0	8	2	0	8	29	0	1	1	36870.4
8012	0	9	2	0	8	29	0	1	1	92361.5
8012	0	9	6	0	8	29	0	1	1	24837.9
8012	0	10	2	0	8	29	0	1	1	59834.2
8012	0	10	6	0	8	29	0	1	1	20210.1
8016	0	1	9	0	8	29	0	1	1	145812
8016	0	1	8	0	8	29	0	1	1	37642.4
8016	0	2	9	0	8	29	0	1	1	92361.5
8016	0	2	8	0	8	29	0	1	1	36870.4
8016	0	3	9	0	8	29	0	1	1	75937.9
8016	0	3	8	0	8	29	0	1	1	19188.2
8016	0	4	9	0	8	29	0	1	1	76256.7
8016	0	4	8	0	8	29	0	1	1	26422.1
8016	0	5	8	0	8	29	0	1	1	52949.2
8016	0	5	9	0	8	29	0	1	1	24022.1
8016	0	6	8	0	8	29	0	1	1	280759
8016	0	6	9	0	8	29	0	1	1	24837.9
8016	0	7	9	0	8	29	0	1	1	160048
8016	0	7	8	0	8	29	0	1	1	34154.6
8016	0	10	9	0	8	29	0	1	1	1.50488e+06
8016	0	10	8	0	8	29	0	1	1	14456.2
8320	0	1	7	0	8	29	0	1	1	5.46974e+06
8320	0	1	6	0	8	29	0	1	1	62855.8
8320	0	1	8	0	8	29	0	1	1	37642.4
8320	0	2	7	0	8	29	0	1	1	152535
8320	0	2	6	0	8	29	0	1	1	82713.4
8320	0	2	8	0	8	29	0	1	1	36870.4
8320	0	3	7	0	8	29	0	1	1	54075.1
8320	0	3	6	0	8	29	0	1	1	34633
8320	0	3	8	0	8	29	0	1	1	19188.2
8320	0	4	7	0	8	29	0	1	1	241875
8320	0	4	6	0	8	29	0	1	1	31415
8320	0	4	8	0	8	29	0	1	1	26422.1
8320	0	5	6	0	8	29	0	1	1	145181
8320	0	5	8	0	8	29	0	1	1	52949.2
8320	0	5	7	0	8	29	0	1	1	35156.9
8320	0	9	7	0	8	29	0	1	1	160048
8320	0	9	6	0	8	29	0	1	1	24837.9
8320	0	9	8	0	8	29	0	1	1	16783.1
8320	0	10	7	0	8	29	0	1	1	114549
8320	0	10	6	0	8	29	0	1	1	20210.1
8320	0	10	8	0	8	29	0	1	1	14456.2
8324	0	1	10	0	8	29	0	1	1	99866.1
8324	0	1	3	0	8	29	0	1	1	62365.3
8324	0	1	2	0	8	29	0	1	0	3.6757
8324	0	1	9	0	8	29	0	1	0	1.71651
8324	0	4	10	0	8	29	0	1	1	76135.5
8324	0	4	3	0	8	29	0	1	1	25411.3
8324	0	4	9	0	8	29	0	1	0	4.02833
8324	0	4	2	0	8	29	0	1	0	1.56617
8324	0	5	3	0	8	29	0	1	1	62367.8
8324	0	5	10	0	8	29	0	1	1	18999.3
8324	0	5	2	0	8	29	0	1	0	10.4109
8324	0	5	9	0	8	29	0	1	0	0.605976
8324	0	6	3	0	8	29	0	1	1	34633
8324	0	6	10	0	8	29	0	1	1	20210.1
8324	0	6	2	0	8	29	0	1	0	8.36406
8324	0	6	9	0	8	29	0	1	0	0.754269
8324	0	7	10	0	8	29	0	1	1	114549
8324	0	7	3	0	8	29	0	1	1	54075.1
8324	0	7	9	0	8	29	0	1	0	2.63557
8324	0	7	2	0	8	29	0	1	0	2.39393
8324	0	8	3	0	8	29	0	1	1	19188.2
8324	0	8	10	0	8	29	0	1	1	14456.2
8324	0	8	2	0	8	29	0	1	0	5.51748
8324	0	8	9	0	8	29	0	1	0	1.14331
8332	0	2	1	0	8	29	0	1	1	213373
8332	0	3	1	0	8	29	0	1	1	62365.3
8332	0	4	1	0	8	29	0	1	1	170506
8332	0	5	1	0	8	29	0	1	1	41537.4
8332	0	6	1	0	8	29	0	1	1	62855.8
8332	0	7	1	0	8	29	0	1	1	5.46974e+06
8332	0	8	1	0	8	29	0	1	1	37642.4
8332	0	9	1	0	8	29	0	1	1	145812
8332	0	10	1	0	8	29	0	1	1	99866.1
8336	0	1	4	0	8	29	0	1	1	170506
8336	0	1	5	0	8	29	0	1	1	41537.4
8336	0	2	5	0	8	29	0	1	1	99573.7
8336	0	2	4	0	8	29	0	1	1	47547.8
8336	0	3	5	0	8	29	0	1	1	62367.8
8336	0	3	4	0	8	29	0	1	1	25411.3
8336	0	6	5	0	8	29	0	1	1	145181
8336	0	6	4	0	8	29	0	1	1	31415
8336	0	7	4	0	8	29	0	1	1	241875
8336	0	7	5	0	8	29	0	1	1	35156.9
8336	0	8	5	0	8	29	0	1	1	52949.2
8336	0	8	4	0	8	29	0	1	1	26422.1
8336	0	9	4	0	8	29	0	1	1	76256.7
8336	0	9	5	0	8	29	0	1	1	24022.1
8336	0	10	4	0	8	29	0	1	1	76135.5
8336	0	10	5	0	8	29	0	1	1	18999.3
8644	0	1	10	0	8	29	0	1	1	99866.1
8644	0	2	10	0	8	29	0	1	1	59834.2
8644	0	3	10	0	8	29	0	1	1	51931.4
8644	0	4	10	0	8	29	0	1	1	76135.5
8644	0	5	10	0	8	29	0	1	1	18999.3
8644	0	6	10	0	8	29	0	1	1	20210.1
8644	0	7	10	0	8	29	0	1	1	114549
8644	0	8	10	0	8	29	0	1	1	14456.2
8644	0	9	10	0	8	29	0	1	1	1.50488e+06
8648	0	1	3	0	8	29	0	1	1	62365.3
8648	0	1	5	0	8	29	0	1	1	41537.4
8648	0	1	8	0	8	29	0	1	1	37642.4
8648	0	2	3	0	8	29	0	1	1	204847
8648	0	2	5	0	8	29	0	1	1	99573.7
8648	0	2	8	0	8	29	0	1	1	36870.4
8648	0	4	8	0	8	29	0	1	1	26422.1
8648	0	4	3	0	8	29	0	1	1	25411.3
8648	0	4	5	0	8	29	0	1	1	19518.3
8648	0	6	8	0	8	29	0	1	1	280759
8648	0	6	5	0	8	29	0	1	1	145181
8648	0	6	3	0	8	29	0	1	1	34633
8648	0	7	3	0	8	29	0	1	1	54075.1
8648	0	7	5	0	8	29	0	1	1	35156.9
8648	0	7	8	0	8	29	0	1	1	34154.6
8648	0	9	3	0	8	29	0	1	1	75937.9
8648	0	9	5	0	8	29	0	1	1	24022.1
8648	0	9	8	0	8	29	0	1	1	16783.1
8648	0	10	3	0	8	29	0	1	1	51931.4
8648	0	10	5	0	8	29	0	1	1	18999.3
8648	0	10	8	0	8	29	0	1	1	14456.2
8652	0	1	2	0	8	29	0	1	0	3.14336
8652	0	1	4	0	8	29	0	1	0	2.00722
8652	0	3	2	0	8	29	0	1	0	20.247
8652	0	3	4	0	8	29	0	1	0	0.311596
8652	0	5	2	0	8	29	0	1	0	12.8129
8652	0	5	4	0	8	29	0	1	0	0.492364
8652	0	6	2	0	8	29	0	1	0	6.61308
8652	0	6	4	0	8	29	0	1	0	0.954
8652	0	7	4	0	8	29	0	1	0	3.98304
8652	0	7	2	0	8	29	0	1	0	1.58407
8652	0	8	2	0	8	29	0	1	0	3.50484
8652	0	8	4	0	8	29	0	1	0	1.79995
8652	0	9	2	0	8	29	0	1	0	3.04228
8652	0	9	4	0	8	29	0	1	0	2.07384
8652	0	10	4	0	8	29	0	1	0	3.19609
8652	0	10	2	0	8	29	0	1	0	1.97401
8656	0	2	1	0	8	29	0	1	1	213373
8656	0	2	7	0	8	29	0	1	1	152535
8656	0	2	9	0	8	29	0	1	1	92361.5
8656	0	2	6	0	8	29	0	1	1	82713.4
8656	0	3	9	0	8	29	0	1	1	75937.9
8656	0	3	1	0	8	29	0	1	1	62365.3
8656	0	3	7	0	8	29	0	1	1	54075.1
8656	0	3	6	0	8	29	0	1	1	34633
8656	0	4	7	0	8	29	0	1	1	241875
8656	0	4	1	0	8	29	0	1	1	170506
8656	0	4	9	0	8	29	0	1	1	76256.7
8656	0	4	6	0	8	29	0	1	1	31415
8656	0	5	6	0	8	29	0	1	1	145181
8656	0	5	1	0	8	29	0	1	1	41537.4
8656	0	5	7	0	8	29	0	1	1	35156.9
8656	0	5	9	0	8	29	0	1	1	24022.1
8656	0	8	6	0	8	29	0	1	1	280759
8656	0	8	1	0	8	29	0	1	1	37642.4
8656	0	8	7	0	8	29	0	1	1	34154.6
8656	0	8	9	0	8	29	0	1	1	16783.1
8656	0	10	9	0	8	29	0	1	1	1.50488e+06
8656	0	10	7	0	8	29	0	1	1	114549
8656	0	10	1	0	8	29	0	1	1	99866.1
8656	0	10	6	0	8	29	0	1	1	20210.1
8960	0	1	4	0	8	29	0	1	1	170506
8960	0	1	9	0	8	29	0	1	1	145812
8960	0	2	9	0	8	29	0	1	1	92361.5
8960	0	2	4	0	8	29	0	1	1	47547.8
8960	0	3	9	0	8	29	0	1	1	75937.9
8960	0	3	4	0	8	29	0	1	1	25411.3
8960	0	5	9	0	8	29	0	1	1	24022.1
8960	0	5	4	0	8	29	0	1	1	19518.3
8960	0	6	4	0	8	29	0	1	1	31415
8960	0	6	9	0	8	29	0	1	1	24837.9
8960	0	7	4	0	8	29	0	1	1	241875
8960	0	7	9	0	8	29	0	1	1	160048
8960	0	8	4	0	8	29	0	1	1	26422.1
8960	0	8	9	0	8	29	0	1	1	16783.1
8960	0	10	9	0	8	29	0	1	1	1.50488e+06
8960	0	10	4	0	8	29	0	1	1	76135.5
8964	0	1	7	0	8	29	0	1	0	330.751
8964	0	1	5	0	8	29	0	1	0	0.0190753
8964	0	2	7	0	8	29	0	1	0	3.84781
8964	0	2	5	0	8	29	0	1	0	1.63971
8964	0	3	5	0	8	29	0	1	0	2.89696
8964	0	3	7	0	8	29	0	1	0	2.17781
8964	0	4	7	0	8	29	0	1	0	31.1239
8964	0	4	5	0	8	29	0	1	0	0.202696
8964	0	6	5	0	8	29	0	1	0	6.87287
8964	0	6	7	0	8	29	0	1	0	0.917982
8964	0	8	5	0	8	29	0	1	0	3.89384
8964	0	8	7	0	8	29	0	1	0	1.6202
8964	0	9	7	0	8	29	0	1	0	16.7338
8964	0	9	5	0	8	29	0	1	0	0.37701
8964	0	10	7	0	8	29	0	1	0	15.1425
8964	0	10	5	0	8	29	0	1	0	0.416616
8968	0	2	1	0	8	29	0	1	1	213373
8968	0	2	10	0	8	29	0	1	1	59834.2
8968	0	3	1	0	8	29	0	1	1	62365.3
8968	0	3	10	0	8	29	0	1	1	51931.4
8968	0	4	1	0	8	29	0	1	1	170506
8968	0	4	10	0	8	29	0	1	1	76135.5
8968	0	5	1	0	8	29	0	1	1	41537.4
8968	0	5	10	0	8	29	0	1	1	18999.3
8968	0	6	1	0	8	29	0	1	1	62855.8
8968	0	6	10	0	8	29	0	1	1	20210.1
8968	0	7	1	0	8	29	0	1	1	5.46974e+06
8968	0	7	10	0	8	29	0	1	1	114549
8968	0	8	1	0	8	29	0	1	1	37642.4
8968	0	8	10	0	8	29	0	1	1	14456.2
8968	0	9	10	0	8	29	0	1	1	1.50488e+06
8968	0	9	1	0	8	29	0	1	1	145812
8972	0	1	2	0	8	29	0	1	1	213373
8972	0	1	3	0	8	29	0	1	1	62365.3
8972	0	4	2	0	8	29	0	1	1	47547.8
8972	0	4	3	0	8	29	0	1	1	25411.3
8972	0	5	2	0	8	29	0	1	1	99573.7
8972	0	5	3	0	8	29	0	1	1	62367.8
8972	0	6	2	0	8	29	0	1	1	82713.4
8972	0	6	3	0	8	29	0	1	1	34633
8972	0	7	2	0	8	29	0	1	1	152535
8972	0	7	3	0	8	29	0	1	1	54075.1
8972	0	8	2	0	8	29	0	1	1	36870.4
8972	0	8	3	0	8	29	0	1	1	19188.2
8972	0	9	2	0	8	29	0	1	1	92361.5
8972	0	9	3	0	8	29	0	1	1	75937.9
8972	0	10	2	0	8	29	0	1	1	59834.2
8972	0	10	3	0	8	29	0	1	1	51931.4
8976	0	1	6	0	8	29	0	1	0	4.1941
8976	0	1	8	0	8	29	0	1	0	1.50423
8976	0	2	6	0	8	29	0	1	0	5.63467
8976	0	2	8	0	8	29	0	1	0	1.11967
8976	0	3	6	0	8	29	0	1	0	4.53315
8976	0	3	8	0	8	29	0	1	0	1.39159
8976	0	4	6	0	8	29	0	1	0	2.98627
8976	0	4	8	0	8	29	0	1	0	2.11249
8976	0	5	6	0	8	29	0	1	0	6.887
8976	0	5	8	0	8	29	0	1	0	0.916097
8976	0	7	6	0	8	29	0	1	0	3.90185
8976	0	7	8	0	8	29	0	1	0	1.61688
8976	0	9	6	0	8	29	0	1	0	3.71688
8976	0	9	8	0	8	29	0	1	0	1.69712
8976	0	10	6	0	8	29	0	1	0	3.51108
8976	0	10	8	0	8	29	0	1	0	1.79651
9280	0	1	10	0	8	29	0	1	1	99866.1
9280	0	2	10	0	8	29	0	1	1	59834.2
9280	0	3	10	0	8	29	0	1	1	51931.4
9280	0	4	10	0	8	29	0	1	1	76135.5
9280	0	5	10	0	8	29	0	1	1	18999.3
9280	0	6	10	0	8	29	0	1	1	20210.1
9280	0	7	10	0	8	29	0	1	1	114549
9280	0	8	10	0	8	29	0	1	1	14456.2
9280	0	9	10	0	8	29	0	1	1	1.50488e+06
9284	0	2	1	0	8	29	0	1	1	213373
9284	0	3	1	0	8	29	0	1	1	62365.3
9284	0	4	1	0	8	29	0	1	1	170506
9284	0	5	1	0	8	29	0	1	1	41537.4
9284	0	6	1	0	8	29	0	1	1	62855.8
9284	0	7	1	0	8	29	0	1	1	5.46974e+06
9284	0	8	1	0	8	29	0	1	1	37642.4
9284	0	9	1	0	8	29	0	1	1	145812
9284	0	10	1	0	8	29	0	1	1	99866.1
9288	0	1	4	0	8	29	0	1	1	170506
9288	0	1	2	0	8	29	0	1	0	8.59369
9288	0	1	3	0	8	29	0	1	0	0.734172
9288	0	5	4	0	8	29	0	1	1	19518.3
9288	0	5	2	0	8	29	0	1	0	4.01021
9288	0	5	3	0	8	29	0	1	0	1.57328
9288	0	6	4	0	8	29	0	1	1	31415
9288	0	6	2	0	8	29	0	1	0	5.99866
9288	0	6	3	0	8	29	0	1	0	1.05172
9288	0	7	4	0	8	29	0	1	1	241875
9288	0	7	2	0	8	29	0	1	0	7.0852
9288	0	7	3	0	8	29	0	1	0	0.890473
9288	0	8	4	0	8	29	0	1	1	26422.1
9288	0	8	2	0	8	29	0	1	0	4.826
9288	0	8	3	0	8	29	0	1	0	1.30715
9288	0	9	4	0	8	29	0	1	1	76256.7
9288	0	9	2	0	8	29	0	1	0	3.05505
9288	0	9	3	0	8	29	0	1	0	2.06517
9288	0	10	4	0	8	29	0	1	1	76135.5
9288	0	10	2	0	8	29	0	1	0	2.894
9288	0	10	3	0	8	29	0	1	0	2.18003
9292	0	1	7	0	8	29	0	1	1	5.46974e+06
9292	0	1	9	0	8	29	0	1	1	145812
9292	0	1	8	0	8	29	0	1	1	37642.4
9292	0	2	7	0	8	29	0	1	1	152535
9292	0	2	9	0	8	29	0	1	1	92361.5
9292	0	2	8	0	8	29	0	1	1	36870.4
9292	0	3	9	0	8	29	0	1	1	75937.9
9292	0	3	7	0	8	29	0	1	1	54075.1
9292	0	3	8	0	8	29	0	1	1	19188.2
9292	0	4	7	0	8	29	0	1	1	241875
9292	0	4	9	0	8	29	0	1	1	76256.7
9292	0	4	8	0	8	29	0	1	1	26422.1
9292	0	5	8	0	8	29	0	1	1	52949.2
9292	0	5	7	0	8	29	0	1	1	35156.9
9292	0	5	9	0	8	29	0	1	1	24022.1
9292	0	6	8	0	8	29	0	1	1	280759
9292	0	6	7	0	8	29	0	1	1	53058.1
9292	0	6	9	0	8	29	0	1	1	24837.9
9292	0	10	9	0	8	29	0	1	1	1.50488e+06
9292	0	10	7	0	8	29	0	1	1	114549
9292	0	10	8	0	8	29	0	1	1	14456.2
9296	0	1	6	0	8	29	0	1	1	62855.8
9296	0	1	5	0	8	29	0	1	1	41537.4
9296	0	2	5	0	8	29	0	1	1	99573.7
9296	0	2	6	0	8	29	0	1	1	82713.4
9296	0	3	5	0	8	29	0	1	1	62367.8
9296	0	3	6	0	8	29	0	1	1	34633
9296	0	4	6	0	8	29	0	1	1	31415
9296	0	4	5	0	8	29	0	1	1	19518.3
9296	0	7	6	0	8	29	0	1	1	53058.1
9296	0	7	5	0	8	29	0	1	1	35156.9
9296	0	8	6	0	8	29	0	1	1	280759
9296	0	8	5	0	8	29	0	1	1	52949.2
9296	0	9	6	0	8	29	0	1	1	24837.9
9296	0	9	5	0	8	29	0	1	1	24022.1
9296	0	10	6	0	8	29	0	1	1	20210.1
9296	0	10	5	0	8	29	0	1	1	18999.3
9604	0	1	7	0	8	29	0	1	1	5.46974e+06
9604	0	2	7	0	8	29	0	1	1	152535
9604	0	3	7	0	8	29	0	1	1	54075.1
9604	0	4	7	0	8	29	0	1	1	241875
9604	0	5	7	0	8	29	0	1	1	35156.9
9604	0	6	7	0	8	29	0	1	1	53058.1
9604	0	8	7	0	8	29	0	1	1	34154.6
9604	0	9	7	0	8	29	0	1	1	160048
9604	0	10	7	0	8	29	0	1	1	114549
9608	0	3	2	0	8	29	0	1	1	204847
9608	0	3	1	0	8	29	0	1	1	62365.3
9608	0	3	10	0	8	29	0	1	1	51931.4
9608	0	3	8	0	8	29	0	1	1	19188.2
9608	0	3	5	0	8	29	0	1	0	4.52313
9608	0	3	6	0	8	29	0	1	0	1.3948
9608	0	4	1	0	8	29	0	1	1	170506
9608	0	4	10	0	8	29	0	1	1	76135.5
9608	0	4	2	0	8	29	0	1	1	47547.8
9608	0	4	8	0	8	29	0	1	1	26422.1
9608	0	4	6	0	8	29	0	1	0	4.0424
9608	0	4	5	0	8	29	0	1	0	1.56052
9608	0	7	1	0	8	29	0	1	1	5.46974e+06
9608	0	7	2	0	8	29	0	1	1	152535
9608	0	7	10	0	8	29	0	1	1	114549
9608	0	7	8	0	8	29	0	1	1	34154.6
9608	0	7	6	0	8	29	0	1	0	3.79062
9608	0	7	5	0	8	29	0	1	0	1.66433
9608	0	9	10	0	8	29	0	1	1	1.50488e+06
9608	0	9	1	0	8	29	0	1	1	145812
9608	0	9	2	0	8	29	0	1	1	92361.5
9608	0	9	8	0	8	29	0	1	1	16783.1
9608	0	9	6	0	8	29	0	1	0	2.59692
9608	0	9	5	0	8	29	0	1	0	2.42914
9612	0	1	4	0	8	29	0	1	1	170506
9612	0	1	9	0	8	29	0	1	0	5.87262
9612	0	1	3	0	8	29	0	1	0	1.07434
9612	0	2	4	0	8	29	0	1	1	47547.8
9612	0	2	3	0	8	29	0	1	0	5.57093
9612	0	2	9	0	8	29	0	1	0	1.13254
9612	0	5	4	0	8	29	0	1	1	19518.3
9612	0	5	3	0	8	29	0	1	0	6.52084
9612	0	5	9	0	8	29	0	1	0	0.96746
9612	0	6	4	0	8	29	0	1	1	31415
9612	0	6	3	0	8	29	0	1	0	3.50212
9612	0	6	9	0	8	29	0	1	0	1.80133
9612	0	7	4	0	8	29	0	1	1	241875
9612	0	7	9	0	8	29	0	1	0	7.43419
9612	0	7	3	0	8	29	0	1	0	0.848671
9612	0	8	4	0	8	29	0	1	1	26422.1
9612	0	8	3	0	8	29	0	1	0	2.87142
9612	0	8	9	0	8	29	0	1	0	2.19676
9612	0	10	4	0	8	29	0	1	1	76135.5
9612	0	10	9	0	8	29	0	1	0	72.7864
9612	0	10	3	0	8	29	0	1	0	0.0866819
9920	0	1	8	0	8	29	0	1	1	37642.4
9920	0	2	8	0	8	29	0	1	1	36870.4
9920	0	3	8	0	8	29	0	1	1	19188.2
9920	0	4	8	0	8	29	0	1	1	26422.1
9920	0	5	8	0	8	29	0	1	1	52949.2
9920	0	6	8	0	8	29	0	1	1	280759
9920	0	7	8	0	8	29	0	1	1	34154.6
9920	0	9	8	0	8	29	0	1	1	16783.1
9920	0	10	8	0	8	29	0	1	1	14456.2
9924	0	1	9	0	8	29	0	1	1	145812
9924	0	1	3	0	8	29	0	1	1	62365.3
9924	0	2	3	0	8	29	0	1	1	204847
9924	0	2	9	0	8	29	0	1	1	92361.5
9924	0	4	9	0	8	29	0	1	1	76256.7
9924	0	4	3	0	8	29	0	1	1	25411.3
9924	0	5	3	0	8	29	0	1	1	62367.8
9924	0	5	9	0	8	29	0	1	1	24022.1
9924	0	6	3	0	8	29	0	1	1	34633
9924	0	6	9	0	8	29	0	1	1	24837.9
9924	0	7	9	0	8	29	0	1	1	160048
9924	0	7	3	0	8	29	0	1	1	54075.1
9924	0	8	3	0	8	29	0	1	1	19188.2
9924	0	8	9	0	8	29	0	1	1	16783.1
9924	0	10	9	0	8	29	0	1	1	1.50488e+06
9924	0	10	3	0	8	29	0	1	1	51931.4
9928	0	1	4	0	8	29	0	1	0	2.63201
9928	0	1	10	0	8	29	0	1	0	1.07494
9928	0	1	6	0	8	29	0	1	0	0.583955
9928	0	2	6	0	8	29	0	1	0	1.93479
9928	0	2	10	0	8	29	0	1	0	1.15379
9928	0	2	4	0	8	29	0	1	0	0.837843
9928	0	3	10	0	8	29	0	1	0	2.1724
9928	0	3	6	0	8	29	0	1	0	1.12475
9928	0	3	4	0	8	29	0	1	0	0.737353
9928	0	5	6	0	8	29	0	1	0	9.46722
9928	0	5	4	0	8	29	0	1	0	0.298617
9928	0	5	10	0	8	29	0	1	0	0.28976
9928	0	7	4	0	8	29	0	1	0	3.62487
9928	0	7	10	0	8	29	0	1	0	0.975583
9928	0	7	6	0	8	29	0	1	0	0.373922
9928	0	8	6	0	8	29	0	1	0	17.251
9928	0	8	4	0	8	29	0	1	0	0.224815
9928	0	8	10	0	8	29	0	1	0	0.11821
9928	0	9	10	0	8	29	0	1	0	37.3906
9928	0	9	4	0	8	29	0	1	0	0.125218
9928	0	9	6	0	8	29	0	1	0	0.039459
9932	0	1	7	0	8	29	0	1	1	5.46974e+06
9932	0	1	5	0	8	29	0	1	1	41537.4
9932	0	2	7	0	8	29	0	1	1	152535
9932	0	2	5	0	8	29	0	1	1	99573.7
9932	0	3	5	0	8	29	0	1	1	62367.8
9932	0	3	7	0	8	29	0	1	1	54075.1
9932	0	4	7	0	8	29	0	1	1	241875
9932	0	4	5	0	8	29	0	1	1	19518.3
9932	0	6	5	0	8	29	0	1	1	145181
9932	0	6	7	0	8	29	0	1	1	53058.1
9932	0	8	5	0	8	29	0	1	1	52949.2
9932	0	8	7	0	8	29	0	1	1	34154.6
9932	0	9	7	0	8	29	0	1	1	160048
9932	0	9	5	0	8	29	0	1	1	24022.1
9932	0	10	7	0	8	29	0	1	1	114549
9932	0	10	5	0	8	29	0	1	1	18999.3
9936	0	3	2	0	8	29	0	1	1	204847
9936	0	3	1	0	8	29	0	1	1	62365.3
9936	0	4	1	0	8	29	0	1	1	170506
9936	0	4	2	0	8	29	0	1	1	47547.8
9936	0	5	2	0	8	29	0	1	1	99573.7
9936	0	5	1	0	8	29	0	1	1	41537.4
9936	0	6	2	0	8	29	0	1	1	82713.4
9936	0	6	1	0	8	29	0	1	1	62855.8
9936	0	7	1	0	8	29	0	1	1	5.46974e+06
9936	0	7	2	0	8	29	0	1	1	152535
9936	0	8	1	0	8	29	0	1	1	37642.4
9936	0	8	2	0	8	29	0	1	1	36870.4
9936	0	9	1	0	8	29	0	1	1	145812
9936	0	9	2	0	8	29	0	1	1	92361.5
9936	0	10	1	0	8	29	0	1	1	99866.1
9936	0	10	2	0	8	29	0	1	1	59834.2
