% time	cellId	IMSI	RNTI	layer	mcs	size	rv	ndi	correct	avrgSinrPerRb
2240	0	2	1	0	8	29	0	1	1	334250
2240	0	3	1	0	8	29	0	1	1	41882.5
2240	0	4	1	0	8	29	0	1	1	228877
2240	0	5	1	0	8	29	0	1	1	21085.8
2240	0	6	1	0	8	29	0	1	1	42440.3
2240	0	7	1	0	8	29	0	1	1	7.99831e+07
2240	0	8	1	0	8	29	0	1	1	17856
2240	0	9	1	0	8	29	0	1	1	175739
2240	0	10	1	0	8	29	0	1	1	92748.4
2244	0	1	2	0	8	29	0	1	1	334250
2244	0	1	9	0	8	29	0	1	0	20.9327
2244	0	1	5	0	8	29	0	1	0	0.301382
2244	0	3	2	0	8	29	0	1	1	312009
2244	0	3	9	0	8	29	0	1	0	3.50223
2244	0	3	5	0	8	29	0	1	0	1.8014
2244	0	4	2	0	8	29	0	1	1	26490.8
2244	0	4	9	0	8	29	0	1	0	25.0716
2244	0	4	5	0	8	29	0	1	0	0.251545
2244	0	6	2	0	8	29	0	1	1	67469.8
2244	0	6	5	0	8	29	0	1	0	49.5082
2244	0	6	9	0	8	29	0	1	0	0.127407
2244	0	7	2	0	8	29	0	1	1	189638
2244	0	7	9	0	8	29	0	1	0	32.466
2244	0	7	5	0	8	29	0	1	0	0.194311
2244	0	8	2	0	8	29	0	1	1	17242
2244	0	8	5	0	8	29	0	1	0	17.4721
2244	0	8	9	0	8	29	0	1	0	0.360896
2244	0	10	2	0	8	29	0	1	1	39052.6
2244	0	10	9	0	8	29	0	1	0	4036.78
2244	0	10	5	0	8	29	0	1	0	0.00156232
2248	0	1	4	0	8	29	0	1	1	228877
2248	0	2	4	0	8	29	0	1	1	26490.8
2248	0	3	4	0	8	29	0	1	1	9196.58
2248	0	5	4	0	8	29	0	1	1	5890.32
2248	0	6	4	0	8	29	0	1	1	13157.2
2248	0	7	4	0	8	29	0	1	1	413064
2248	0	8	4	0	8	29	0	1	1	9822.72
2248	0	9	4	0	8	29	0	1	1	58817.3
2248	0	10	4	0	8	29	0	1	1	58659.5
2252	0	1	10	0	8	29	0	1	1	92748.4
2252	0	2	10	0	8	29	0	1	1	39052.6
2252	0	3	10	0	8	29	0	1	1	30744.6
2252	0	4	10	0	8	29	0	1	1	58659.5
2252	0	5	10	0	8	29	0	1	1	5628.27
2252	0	6	10	0	8	29	0	1	1	6247.16
2252	0	7	10	0	8	29	0	1	1	116924
2252	0	8	10	0	8	29	0	1	1	3547.86
2252	0	9	10	0	8	29	0	1	1	9.04905e+06
2256	0	1	7	0	8	29	0	1	0	11250
2256	0	1	6	0	8	29	0	1	0	2.54519
2256	0	1	3	0	8	29	0	1	0	2.47873
2256	0	1	8	0	8	29	0	1	0	0.000560771
2256	0	2	7	0	8	29	0	1	0	27.6232
2256	0	2	3	0	8	29	0	1	0	11.6156
2256	0	2	6	0	8	29	0	1	0	0.543174
2256	0	2	8	0	8	29	0	1	0	0.228379
2256	0	4	7	0	8	29	0	1	0	105.603
2256	0	4	6	0	8	29	0	1	0	3.59267
2256	0	4	3	0	8	29	0	1	0	1.75542
2256	0	4	8	0	8	29	0	1	0	0.0597326
2256	0	5	6	0	8	29	0	1	0	10.4617
2256	0	5	8	0	8	29	0	1	0	5.0147
2256	0	5	7	0	8	29	0	1	0	1.25792
2256	0	5	3	0	8	29	0	1	0	0.603069
2256	0	9	7	0	8	29	0	1	0	113.117
2256	0	9	3	0	8	29	0	1	0	16.5738
2256	0	9	6	0	8	29	0	1	0	0.380572
2256	0	9	8	0	8	29	0	1	0	0.0557478
2256	0	10	7	0	8	29	0	1	0	82.7236
2256	0	10	3	0	8	29	0	1	0	12.357
2256	0	10	6	0	8	29	0	1	0	0.510362
2256	0	10	8	0	8	29	0	1	0	0.0762174
2560	0	1	2	0	8	29	0	1	1	334250
2560	0	1	8	0	8	29	0	1	1	17856
2560	0	1	7	0	8	29	0	1	0	4796.67
2560	0	1	3	0	8	29	0	1	0	0.00131533
2560	0	4	2	0	8	29	0	1	1	26490.8
2560	0	4	8	0	8	29	0	1	1	9822.72
2560	0	4	7	0	8	29	0	1	0	112.79
2560	0	4	3	0	8	29	0	1	0	0.0559251
2560	0	5	2	0	8	29	0	1	1	92290.4
2560	0	5	8	0	8	29	0	1	1	31768.9
2560	0	5	3	0	8	29	0	1	0	6.61157
2560	0	5	7	0	8	29	0	1	0	0.954114
2560	0	6	8	0	8	29	0	1	1	531299
2560	0	6	2	0	8	29	0	1	1	67469.8
2560	0	6	7	0	8	29	0	1	0	5.16132
2560	0	6	3	0	8	29	0	1	0	1.22218
2560	0	9	2	0	8	29	0	1	1	81286.4
2560	0	9	8	0	8	29	0	1	1	4564.76
2560	0	9	7	0	8	29	0	1	0	8.84573
2560	0	9	3	0	8	29	0	1	0	0.713251
2560	0	10	2	0	8	29	0	1	1	39052.6
2560	0	10	8	0	8	29	0	1	1	3547.86
2560	0	10	7	0	8	29	0	1	0	9.55209
2560	0	10	3	0	8	29	0	1	0	0.660475
2564	0	2	1	0	8	29	0	1	1	334250
2564	0	2	6	0	8	29	0	1	1	67469.8
2564	0	3	1	0	8	29	0	1	1	41882.5
2564	0	3	6	0	8	29	0	1	1	15512.4
2564	0	4	1	0	8	29	0	1	1	228877
2564	0	4	6	0	8	29	0	1	1	13157.2
2564	0	5	6	0	8	29	0	1	1	174457
2564	0	5	1	0	8	29	0	1	1	21085.8
2564	0	7	1	0	8	29	0	1	1	7.99831e+07
2564	0	7	6	0	8	29	0	1	1	31879.3
2564	0	8	6	0	8	29	0	1	1	531299
2564	0	8	1	0	8	29	0	1	1	17856
2564	0	9	1	0	8	29	0	1	1	175739
2564	0	9	6	0	8	29	0	1	1	8848.88
2564	0	10	1	0	8	29	0	1	1	92748.4
2564	0	10	6	0	8	29	0	1	1	6247.16
2568	0	1	4	0	8	29	0	1	1	228877
2568	0	1	10	0	8	29	0	1	1	92748.4
2568	0	2	10	0	8	29	0	1	1	39052.6
2568	0	2	4	0	8	29	0	1	1	26490.8
2568	0	3	10	0	8	29	0	1	1	30744.6
2568	0	3	4	0	8	29	0	1	1	9196.58
2568	0	5	4	0	8	29	0	1	1	5890.32
2568	0	5	10	0	8	29	0	1	1	5628.27
2568	0	6	4	0	8	29	0	1	1	13157.2
2568	0	6	10	0	8	29	0	1	1	6247.16
2568	0	7	4	0	8	29	0	1	1	413064
2568	0	7	10	0	8	29	0	1	1	116924
2568	0	8	4	0	8	29	0	1	1	9822.72
2568	0	8	10	0	8	29	0	1	1	3547.86
2568	0	9	10	0	8	29	0	1	1	9.04905e+06
2568	0	9	4	0	8	29	0	1	1	58817.3
2572	0	1	5	0	8	29	0	1	1	21085.8
2572	0	2	5	0	8	29	0	1	1	92290.4
2572	0	3	5	0	8	29	0	1	1	41885.3
2572	0	4	5	0	8	29	0	1	1	5890.32
2572	0	6	5	0	8	29	0	1	1	174457
2572	0	7	5	0	8	29	0	1	1	15910.7
2572	0	8	5	0	8	29	0	1	1	31768.9
2572	0	9	5	0	8	29	0	1	1	8363.67
2572	0	10	5	0	8	29	0	1	1	5628.27
2576	0	1	9	0	8	29	0	1	1	175739
2576	0	2	9	0	8	29	0	1	1	81286.4
2576	0	3	9	0	8	29	0	1	1	58402.7
2576	0	4	9	0	8	29	0	1	1	58817.3
2576	0	5	9	0	8	29	0	1	1	8363.67
2576	0	6	9	0	8	29	0	1	1	8848.88
2576	0	7	9	0	8	29	0	1	1	205677
2576	0	8	9	0	8	29	0	1	1	4564.76
2576	0	10	9	0	8	29	0	1	1	9.04905e+06
2880	0	1	3	0	8	29	0	1	1	41882.5
2880	0	2	3	0	8	29	0	1	1	312009
2880	0	4	3	0	8	29	0	1	1	9196.58
2880	0	5	3	0	8	29	0	1	1	41885.3
2880	0	6	3	0	8	29	0	1	1	15512.4
2880	0	7	3	0	8	29	0	1	1	32917.9
2880	0	8	3	0	8	29	0	1	1	5723.06
2880	0	9	3	0	8	29	0	1	1	58402.7
2880	0	10	3	0	8	29	0	1	1	30744.6
2884	0	2	1	0	8	29	0	1	1	334250
2884	0	2	7	0	8	29	0	1	1	189638
2884	0	2	5	0	8	29	0	1	1	92290.4
2884	0	3	5	0	8	29	0	1	1	41885.3
2884	0	3	1	0	8	29	0	1	1	41882.5
2884	0	3	7	0	8	29	0	1	1	32917.9
2884	0	4	7	0	8	29	0	1	1	413064
2884	0	4	1	0	8	29	0	1	1	228877
2884	0	4	5	0	8	29	0	1	1	5890.32
2884	0	6	5	0	8	29	0	1	1	174457
2884	0	6	1	0	8	29	0	1	1	42440.3
2884	0	6	7	0	8	29	0	1	1	31879.3
2884	0	8	5	0	8	29	0	1	1	31768.9
2884	0	8	1	0	8	29	0	1	1	17856
2884	0	8	7	0	8	29	0	1	1	15152.3
2884	0	9	7	0	8	29	0	1	1	205677
2884	0	9	1	0	8	29	0	1	1	175739
2884	0	9	5	0	8	29	0	1	1	8363.67
2884	0	10	7	0	8	29	0	1	1	116924
2884	0	10	1	0	8	29	0	1	1	92748.4
2884	0	10	5	0	8	29	0	1	1	5628.27
2888	0	1	10	0	8	29	0	1	1	92748.4
2888	0	2	10	0	8	29	0	1	1	39052.6
2888	0	3	10	0	8	29	0	1	1	30744.6
2888	0	4	10	0	8	29	0	1	1	58659.5
2888	0	5	10	0	8	29	0	1	1	5628.27
2888	0	6	10	0	8	29	0	1	1	6247.16
2888	0	7	10	0	8	29	0	1	1	116924
2888	0	8	10	0	8	29	0	1	1	3547.86
2888	0	9	10	0	8	29	0	1	1	9.04905e+06
2892	0	1	8	0	8	29	0	1	1	17856
2892	0	1	4	0	8	29	0	1	0	13.5456
2892	0	1	6	0	8	29	0	1	0	0.465769
2892	0	2	8	0	8	29	0	1	1	17242
2892	0	2	6	0	8	29	0	1	0	6.39694
2892	0	2	4	0	8	29	0	1	0	0.986213
2892	0	3	8	0	8	29	0	1	1	5723.06
2892	0	3	6	0	8	29	0	1	0	4.23577
2892	0	3	4	0	8	29	0	1	0	1.48894
2892	0	5	8	0	8	29	0	1	1	31768.9
2892	0	5	6	0	8	29	0	1	0	74.3644
2892	0	5	4	0	8	29	0	1	0	0.0848093
2892	0	7	8	0	8	29	0	1	1	15152.3
2892	0	7	4	0	8	29	0	1	0	32.5442
2892	0	7	6	0	8	29	0	1	0	0.19386
2892	0	9	8	0	8	29	0	1	1	4564.76
2892	0	9	4	0	8	29	0	1	0	16.6914
2892	0	9	6	0	8	29	0	1	0	0.377889
2892	0	10	8	0	8	29	0	1	1	3547.86
2892	0	10	4	0	8	29	0	1	0	23.5766
2892	0	10	6	0	8	29	0	1	0	0.267501
2896	0	1	2	0	8	29	0	1	1	334250
2896	0	1	9	0	8	29	0	1	1	175739
2896	0	3	2	0	8	29	0	1	1	312009
2896	0	3	9	0	8	29	0	1	1	58402.7
2896	0	4	9	0	8	29	0	1	1	58817.3
2896	0	4	2	0	8	29	0	1	1	26490.8
2896	0	5	2	0	8	29	0	1	1	92290.4
2896	0	5	9	0	8	29	0	1	1	8363.67
2896	0	6	2	0	8	29	0	1	1	67469.8
2896	0	6	9	0	8	29	0	1	1	8848.88
2896	0	7	9	0	8	29	0	1	1	205677
2896	0	7	2	0	8	29	0	1	1	189638
2896	0	8	2	0	8	29	0	1	1	17242
2896	0	8	9	0	8	29	0	1	1	4564.76
2896	0	10	9	0	8	29	0	1	1	9.04905e+06
2896	0	10	2	0	8	29	0	1	1	39052.6
3200	0	1	3	0	8	29	0	1	1	41882.5
3200	0	2	3	0	8	29	0	1	1	312009
3200	0	4	3	0	8	29	0	1	1	9196.58
3200	0	5	3	0	8	29	0	1	1	41885.3
3200	0	6	3	0	8	29	0	1	1	15512.4
3200	0	7	3	0	8	29	0	1	1	32917.9
3200	0	8	3	0	8	29	0	1	1	5723.06
3200	0	9	3	0	8	29	0	1	1	58402.7
3200	0	10	3	0	8	29	0	1	1	30744.6
3204	0	2	7	0	8	29	0	1	1	189638
3204	0	2	1	0	8	29	0	1	0	10.3286
3204	0	2	9	0	8	29	0	1	0	0.610862
3204	0	3	7	0	8	29	0	1	1	32917.9
3204	0	3	9	0	8	29	0	1	0	3.50247
3204	0	3	1	0	8	29	0	1	0	1.80128
3204	0	4	7	0	8	29	0	1	1	413064
3204	0	4	1	0	8	29	0	1	0	9.77415
3204	0	4	9	0	8	29	0	1	0	0.645502
3204	0	5	7	0	8	29	0	1	1	15910.7
3204	0	5	1	0	8	29	0	1	0	6.33087
3204	0	5	9	0	8	29	0	1	0	0.996219
3204	0	6	7	0	8	29	0	1	1	31879.3
3204	0	6	1	0	8	29	0	1	0	12.0439
3204	0	6	9	0	8	29	0	1	0	0.523702
3204	0	8	7	0	8	29	0	1	1	15152.3
3204	0	8	1	0	8	29	0	1	0	9.82034
3204	0	8	9	0	8	29	0	1	0	0.642057
3204	0	10	7	0	8	29	0	1	1	116924
3204	0	10	9	0	8	29	0	1	0	245.067
3204	0	10	1	0	8	29	0	1	0	0.0257456
3208	0	1	2	0	8	29	0	1	1	334250
3208	0	1	4	0	8	29	0	1	0	4.2526
3208	0	1	10	0	8	29	0	1	0	0.858667
3208	0	1	6	0	8	29	0	1	0	0.331454
3208	0	3	2	0	8	29	0	1	1	312009
3208	0	3	10	0	8	29	0	1	0	3.12515
3208	0	3	6	0	8	29	0	1	0	0.975506
3208	0	3	4	0	8	29	0	1	0	0.499374
3208	0	5	2	0	8	29	0	1	1	92290.4
3208	0	5	6	0	8	29	0	1	0	38.036
3208	0	5	4	0	8	29	0	1	0	0.0821588
3208	0	5	10	0	8	29	0	1	0	0.0783896
3208	0	7	2	0	8	29	0	1	1	189638
3208	0	7	4	0	8	29	0	1	0	6.97265
3208	0	7	10	0	8	29	0	1	0	0.660078
3208	0	7	6	0	8	29	0	1	0	0.151092
3208	0	8	2	0	8	29	0	1	1	17242
3208	0	8	6	0	8	29	0	1	0	99.7947
3208	0	8	4	0	8	29	0	1	0	0.0461318
3208	0	8	10	0	8	29	0	1	0	0.0164691
3208	0	9	2	0	8	29	0	1	1	81286.4
3208	0	9	10	0	8	29	0	1	0	335.904
3208	0	9	4	0	8	29	0	1	0	0.0163109
3208	0	9	6	0	8	29	0	1	0	0.00244046
3212	0	1	5	0	8	29	0	1	1	21085.8
3212	0	1	8	0	8	29	0	1	1	17856
3212	0	2	5	0	8	29	0	1	1	92290.4
3212	0	2	8	0	8	29	0	1	1	17242
3212	0	3	5	0	8	29	0	1	1	41885.3
3212	0	3	8	0	8	29	0	1	1	5723.06
3212	0	4	8	0	8	29	0	1	1	9822.72
3212	0	4	5	0	8	29	0	1	1	5890.32
3212	0	6	8	0	8	29	0	1	1	531299
3212	0	6	5	0	8	29	0	1	1	174457
3212	0	7	5	0	8	29	0	1	1	15910.7
3212	0	7	8	0	8	29	0	1	1	15152.3
3212	0	9	5	0	8	29	0	1	1	8363.67
3212	0	9	8	0	8	29	0	1	1	4564.76
3212	0	10	5	0	8	29	0	1	1	5628.27
3212	0	10	8	0	8	29	0	1	1	3547.86
3520	0	2	3	0	8	29	0	1	1	312009
3520	0	2	1	0	8	29	0	1	0	10.3286
3520	0	2	9	0	8	29	0	1	0	0.610862
3520	0	4	3	0	8	29	0	1	1	9196.58
3520	0	4	1	0	8	29	0	1	0	9.77415
3520	0	4	9	0	8	29	0	1	0	0.645502
3520	0	5	3	0	8	29	0	1	1	41885.3
3520	0	5	1	0	8	29	0	1	0	6.33087
3520	0	5	9	0	8	29	0	1	0	0.996219
3520	0	6	3	0	8	29	0	1	1	15512.4
3520	0	6	1	0	8	29	0	1	0	12.0439
3520	0	6	9	0	8	29	0	1	0	0.523702
3520	0	7	3	0	8	29	0	1	1	32917.9
3520	0	7	1	0	8	29	0	1	0	976.804
3520	0	7	9	0	8	29	0	1	0	0.00645932
3520	0	8	3	0	8	29	0	1	1	5723.06
3520	0	8	1	0	8	29	0	1	0	9.82034
3520	0	8	9	0	8	29	0	1	0	0.642057
3520	0	10	3	0	8	29	0	1	1	30744.6
3520	0	10	9	0	8	29	0	1	0	245.067
3520	0	10	1	0	8	29	0	1	0	0.0257456
3524	0	1	10	0	8	29	0	1	1	92748.4
3524	0	1	6	0	8	29	0	1	1	42440.3
3524	0	2	6	0	8	29	0	1	1	67469.8
3524	0	2	10	0	8	29	0	1	1	39052.6
3524	0	3	10	0	8	29	0	1	1	30744.6
3524	0	3	6	0	8	29	0	1	1	15512.4
3524	0	4	10	0	8	29	0	1	1	58659.5
3524	0	4	6	0	8	29	0	1	1	13157.2
3524	0	5	6	0	8	29	0	1	1	174457
3524	0	5	10	0	8	29	0	1	1	5628.27
3524	0	7	10	0	8	29	0	1	1	116924
3524	0	7	6	0	8	29	0	1	1	31879.3
3524	0	8	6	0	8	29	0	1	1	531299
3524	0	8	10	0	8	29	0	1	1	3547.86
3524	0	9	10	0	8	29	0	1	1	9.04905e+06
3524	0	9	6	0	8	29	0	1	1	8848.88
3528	0	1	7	0	8	29	0	1	1	7.99831e+07
3528	0	2	7	0	8	29	0	1	1	189638
3528	0	3	7	0	8	29	0	1	1	32917.9
3528	0	4	7	0	8	29	0	1	1	413064
3528	0	5	7	0	8	29	0	1	1	15910.7
3528	0	6	7	0	8	29	0	1	1	31879.3
3528	0	8	7	0	8	29	0	1	1	15152.3
3528	0	9	7	0	8	29	0	1	1	205677
3528	0	10	7	0	8	29	0	1	1	116924
3536	0	1	2	0	8	29	0	1	1	334250
3536	0	1	4	0	8	29	0	1	1	228877
3536	0	1	5	0	8	29	0	1	1	21085.8
3536	0	1	8	0	8	29	0	1	1	17856
3536	0	3	2	0	8	29	0	1	1	312009
3536	0	3	5	0	8	29	0	1	1	41885.3
3536	0	3	4	0	8	29	0	1	1	9196.58
3536	0	3	8	0	8	29	0	1	1	5723.06
3536	0	6	8	0	8	29	0	1	1	531299
3536	0	6	5	0	8	29	0	1	1	174457
3536	0	6	2	0	8	29	0	1	1	67469.8
3536	0	6	4	0	8	29	0	1	1	13157.2
3536	0	7	4	0	8	29	0	1	1	413064
3536	0	7	2	0	8	29	0	1	1	189638
3536	0	7	5	0	8	29	0	1	1	15910.7
3536	0	7	8	0	8	29	0	1	1	15152.3
3536	0	9	2	0	8	29	0	1	1	81286.4
3536	0	9	4	0	8	29	0	1	1	58817.3
3536	0	9	5	0	8	29	0	1	1	8363.67
3536	0	9	8	0	8	29	0	1	1	4564.76
3536	0	10	4	0	8	29	0	1	1	58659.5
3536	0	10	2	0	8	29	0	1	1	39052.6
3536	0	10	5	0	8	29	0	1	1	5628.27
3536	0	10	8	0	8	29	0	1	1	3547.86
3840	0	1	8	0	8	29	0	1	1	17856
3840	0	1	10	0	8	29	0	1	0	11.0475
3840	0	1	5	0	8	29	0	1	0	0.571048
3840	0	2	8	0	8	29	0	1	1	17242
3840	0	2	5	0	8	29	0	1	0	5.9358
3840	0	2	10	0	8	29	0	1	0	1.06287
3840	0	3	8	0	8	29	0	1	1	5723.06
3840	0	3	5	0	8	29	0	1	0	3.42183
3840	0	3	10	0	8	29	0	1	0	1.84366
3840	0	4	8	0	8	29	0	1	1	9822.72
3840	0	4	10	0	8	29	0	1	0	25.0043
3840	0	4	5	0	8	29	0	1	0	0.252221
3840	0	6	8	0	8	29	0	1	1	531299
3840	0	6	5	0	8	29	0	1	0	70.1184
3840	0	6	10	0	8	29	0	1	0	0.0899471
3840	0	7	8	0	8	29	0	1	1	15152.3
3840	0	7	10	0	8	29	0	1	0	18.4563
3840	0	7	5	0	8	29	0	1	0	0.341804
3840	0	9	8	0	8	29	0	1	1	4564.76
3840	0	9	10	0	8	29	0	1	0	2716.91
3840	0	9	5	0	8	29	0	1	0	0.00232163
3848	0	1	4	0	8	29	0	1	1	228877
3848	0	1	6	0	8	29	0	1	1	42440.3
3848	0	1	3	0	8	29	0	1	1	41882.5
3848	0	2	3	0	8	29	0	1	1	312009
3848	0	2	6	0	8	29	0	1	1	67469.8
3848	0	2	4	0	8	29	0	1	1	26490.8
3848	0	5	6	0	8	29	0	1	1	174457
3848	0	5	3	0	8	29	0	1	1	41885.3
3848	0	5	4	0	8	29	0	1	1	5890.32
3848	0	7	4	0	8	29	0	1	1	413064
3848	0	7	3	0	8	29	0	1	1	32917.9
3848	0	7	6	0	8	29	0	1	1	31879.3
3848	0	8	6	0	8	29	0	1	1	531299
3848	0	8	4	0	8	29	0	1	1	9822.72
3848	0	8	3	0	8	29	0	1	1	5723.06
3848	0	9	4	0	8	29	0	1	1	58817.3
3848	0	9	3	0	8	29	0	1	1	58402.7
3848	0	9	6	0	8	29	0	1	1	8848.88
3848	0	10	4	0	8	29	0	1	1	58659.5
3848	0	10	3	0	8	29	0	1	1	30744.6
3848	0	10	6	0	8	29	0	1	1	6247.16
3852	0	1	7	0	8	29	0	1	1	7.99831e+07
3852	0	1	2	0	8	29	0	1	1	334250
3852	0	1	9	0	8	29	0	1	1	175739
3852	0	3	2	0	8	29	0	1	1	312009
3852	0	3	9	0	8	29	0	1	1	58402.7
3852	0	3	7	0	8	29	0	1	1	32917.9
3852	0	4	7	0	8	29	0	1	1	413064
3852	0	4	9	0	8	29	0	1	1	58817.3
3852	0	4	2	0	8	29	0	1	1	26490.8
3852	0	5	2	0	8	29	0	1	1	92290.4
3852	0	5	7	0	8	29	0	1	1	15910.7
3852	0	5	9	0	8	29	0	1	1	8363.67
3852	0	6	2	0	8	29	0	1	1	67469.8
3852	0	6	7	0	8	29	0	1	1	31879.3
3852	0	6	9	0	8	29	0	1	1	8848.88
3852	0	8	2	0	8	29	0	1	1	17242
3852	0	8	7	0	8	29	0	1	1	15152.3
3852	0	8	9	0	8	29	0	1	1	4564.76
3852	0	10	9	0	8	29	0	1	1	9.04905e+06
3852	0	10	7	0	8	29	0	1	1	116924
3852	0	10	2	0	8	29	0	1	1	39052.6
3856	0	2	1	0	8	29	0	1	1	334250
3856	0	3	1	0	8	29	0	1	1	41882.5
3856	0	4	1	0	8	29	0	1	1	228877
3856	0	5	1	0	8	29	0	1	1	21085.8
3856	0	6	1	0	8	29	0	1	1	42440.3
3856	0	7	1	0	8	29	0	1	1	7.99831e+07
3856	0	8	1	0	8	29	0	1	1	17856
3856	0	9	1	0	8	29	0	1	1	175739
3856	0	10	1	0	8	29	0	1	1	92748.4
4160	0	1	2	0	8	29	0	1	1	334250
4160	0	1	6	0	8	29	0	1	1	42440.3
4160	0	3	2	0	8	29	0	1	1	312009
4160	0	3	6	0	8	29	0	1	1	15512.4
4160	0	4	2	0	8	29	0	1	1	26490.8
4160	0	4	6	0	8	29	0	1	1	13157.2
4160	0	5	6	0	8	29	0	1	1	174457
4160	0	5	2	0	8	29	0	1	1	92290.4
4160	0	7	2	0	8	29	0	1	1	189638
4160	0	7	6	0	8	29	0	1	1	31879.3
4160	0	8	6	0	8	29	0	1	1	531299
4160	0	8	2	0	8	29	0	1	1	17242
4160	0	9	2	0	8	29	0	1	1	81286.4
4160	0	9	6	0	8	29	0	1	1	8848.88
4160	0	10	2	0	8	29	0	1	1	39052.6
4160	0	10	6	0	8	29	0	1	1	6247.16
4164	0	1	3	0	8	29	0	1	1	41882.5
4164	0	1	5	0	8	29	0	1	1	21085.8
4164	0	2	3	0	8	29	0	1	1	312009
4164	0	2	5	0	8	29	0	1	1	92290.4
4164	0	4	3	0	8	29	0	1	1	9196.58
4164	0	4	5	0	8	29	0	1	1	5890.32
4164	0	6	5	0	8	29	0	1	1	174457
4164	0	6	3	0	8	29	0	1	1	15512.4
4164	0	7	3	0	8	29	0	1	1	32917.9
4164	0	7	5	0	8	29	0	1	1	15910.7
4164	0	8	5	0	8	29	0	1	1	31768.9
4164	0	8	3	0	8	29	0	1	1	5723.06
4164	0	9	3	0	8	29	0	1	1	58402.7
4164	0	9	5	0	8	29	0	1	1	8363.67
4164	0	10	3	0	8	29	0	1	1	30744.6
4164	0	10	5	0	8	29	0	1	1	5628.27
4172	0	2	10	0	8	29	0	1	1	39052.6
4172	0	2	4	0	8	29	0	1	1	26490.8
4172	0	2	8	0	8	29	0	1	1	17242
4172	0	2	1	0	8	29	0	1	0	4.42732
4172	0	2	7	0	8	29	0	1	0	1.42512
4172	0	3	10	0	8	29	0	1	1	30744.6
4172	0	3	4	0	8	29	0	1	1	9196.58
4172	0	3	8	0	8	29	0	1	1	5723.06
4172	0	3	1	0	8	29	0	1	0	3.19571
4172	0	3	7	0	8	29	0	1	0	1.97412
4172	0	5	8	0	8	29	0	1	1	31768.9
4172	0	5	4	0	8	29	0	1	1	5890.32
4172	0	5	10	0	8	29	0	1	1	5628.27
4172	0	5	1	0	8	29	0	1	0	3.32839
4172	0	5	7	0	8	29	0	1	0	1.89516
4172	0	6	8	0	8	29	0	1	1	531299
4172	0	6	4	0	8	29	0	1	1	13157.2
4172	0	6	10	0	8	29	0	1	1	6247.16
4172	0	6	1	0	8	29	0	1	0	3.34376
4172	0	6	7	0	8	29	0	1	0	1.88671
4172	0	9	10	0	8	29	0	1	1	9.04905e+06
4172	0	9	4	0	8	29	0	1	1	58817.3
4172	0	9	8	0	8	29	0	1	1	4564.76
4172	0	9	7	0	8	29	0	1	0	2.93976
4172	0	9	1	0	8	29	0	1	0	2.14623
4176	0	1	9	0	8	29	0	1	1	175739
4176	0	2	9	0	8	29	0	1	1	81286.4
4176	0	3	9	0	8	29	0	1	1	58402.7
4176	0	4	9	0	8	29	0	1	1	58817.3
4176	0	5	9	0	8	29	0	1	1	8363.67
4176	0	6	9	0	8	29	0	1	1	8848.88
4176	0	7	9	0	8	29	0	1	1	205677
4176	0	8	9	0	8	29	0	1	1	4564.76
4176	0	10	9	0	8	29	0	1	1	9.04905e+06
4480	0	2	1	0	8	29	0	1	1	334250
4480	0	2	3	0	8	29	0	1	1	312009
4480	0	2	9	0	8	29	0	1	1	81286.4
4480	0	4	1	0	8	29	0	1	1	228877
4480	0	4	9	0	8	29	0	1	1	58817.3
4480	0	4	3	0	8	29	0	1	1	9196.58
4480	0	5	3	0	8	29	0	1	1	41885.3
4480	0	5	1	0	8	29	0	1	1	21085.8
4480	0	5	9	0	8	29	0	1	1	8363.67
4480	0	6	1	0	8	29	0	1	1	42440.3
4480	0	6	3	0	8	29	0	1	1	15512.4
4480	0	6	9	0	8	29	0	1	1	8848.88
4480	0	7	1	0	8	29	0	1	1	7.99831e+07
4480	0	7	9	0	8	29	0	1	1	205677
4480	0	7	3	0	8	29	0	1	1	32917.9
4480	0	8	1	0	8	29	0	1	1	17856
4480	0	8	3	0	8	29	0	1	1	5723.06
4480	0	8	9	0	8	29	0	1	1	4564.76
4480	0	10	9	0	8	29	0	1	1	9.04905e+06
4480	0	10	1	0	8	29	0	1	1	92748.4
4480	0	10	3	0	8	29	0	1	1	30744.6
4484	0	1	2	0	8	29	0	1	1	334250
4484	0	1	4	0	8	29	0	1	1	228877
4484	0	3	2	0	8	29	0	1	1	312009
4484	0	3	4	0	8	29	0	1	1	9196.58
4484	0	5	2	0	8	29	0	1	1	92290.4
4484	0	5	4	0	8	29	0	1	1	5890.32
4484	0	6	2	0	8	29	0	1	1	67469.8
4484	0	6	4	0	8	29	0	1	1	13157.2
4484	0	7	4	0	8	29	0	1	1	413064
4484	0	7	2	0	8	29	0	1	1	189638
4484	0	8	2	0	8	29	0	1	1	17242
4484	0	8	4	0	8	29	0	1	1	9822.72
4484	0	9	2	0	8	29	0	1	1	81286.4
4484	0	9	4	0	8	29	0	1	1	58817.3
4484	0	10	4	0	8	29	0	1	1	58659.5
4484	0	10	2	0	8	29	0	1	1	39052.6
4488	0	1	5	0	8	29	0	1	1	21085.8
4488	0	2	5	0	8	29	0	1	1	92290.4
4488	0	3	5	0	8	29	0	1	1	41885.3
4488	0	4	5	0	8	29	0	1	1	5890.32
4488	0	6	5	0	8	29	0	1	1	174457
4488	0	7	5	0	8	29	0	1	1	15910.7
4488	0	8	5	0	8	29	0	1	1	31768.9
4488	0	9	5	0	8	29	0	1	1	8363.67
4488	0	10	5	0	8	29	0	1	1	5628.27
4492	0	1	7	0	8	29	0	1	1	7.99831e+07
4492	0	1	8	0	8	29	0	1	1	17856
4492	0	2	7	0	8	29	0	1	1	189638
4492	0	2	8	0	8	29	0	1	1	17242
4492	0	3	7	0	8	29	0	1	1	32917.9
4492	0	3	8	0	8	29	0	1	1	5723.06
4492	0	4	7	0	8	29	0	1	1	413064
4492	0	4	8	0	8	29	0	1	1	9822.72
4492	0	5	8	0	8	29	0	1	1	31768.9
4492	0	5	7	0	8	29	0	1	1	15910.7
4492	0	6	8	0	8	29	0	1	1	531299
4492	0	6	7	0	8	29	0	1	1	31879.3
4492	0	9	7	0	8	29	0	1	1	205677
4492	0	9	8	0	8	29	0	1	1	4564.76
4492	0	10	7	0	8	29	0	1	1	116924
4492	0	10	8	0	8	29	0	1	1	3547.86
4496	0	1	10	0	8	29	0	1	1	92748.4
4496	0	1	6	0	8	29	0	1	1	42440.3
4496	0	2	6	0	8	29	0	1	1	67469.8
4496	0	2	10	0	8	29	0	1	1	39052.6
4496	0	3	10	0	8	29	0	1	1	30744.6
4496	0	3	6	0	8	29	0	1	1	15512.4
4496	0	4	10	0	8	29	0	1	1	58659.5
4496	0	4	6	0	8	29	0	1	1	13157.2
4496	0	5	6	0	8	29	0	1	1	174457
4496	0	5	10	0	8	29	0	1	1	5628.27
4496	0	7	10	0	8	29	0	1	1	116924
4496	0	7	6	0	8	29	0	1	1	31879.3
4496	0	8	6	0	8	29	0	1	1	531299
4496	0	8	10	0	8	29	0	1	1	3547.86
4496	0	9	10	0	8	29	0	1	1	9.04905e+06
4496	0	9	6	0	8	29	0	1	1	8848.88
4800	0	1	3	0	8	29	0	1	1	41882.5
4800	0	1	5	0	8	29	0	1	1	21085.8
4800	0	2	3	0	8	29	0	1	1	312009
4800	0	2	5	0	8	29	0	1	1	92290.4
4800	0	4	3	0	8	29	0	1	1	9196.58
4800	0	4	5	0	8	29	0	1	1	5890.32
4800	0	6	5	0	8	29	0	1	1	174457
4800	0	6	3	0	8	29	0	1	1	15512.4
4800	0	7	3	0	8	29	0	1	1	32917.9
4800	0	7	5	0	8	29	0	1	1	15910.7
4800	0	8	5	0	8	29	0	1	1	31768.9
4800	0	8	3	0	8	29	0	1	1	5723.06
4800	0	9	3	0	8	29	0	1	1	58402.7
4800	0	9	5	0	8	29	0	1	1	8363.67
4800	0	10	3	0	8	29	0	1	1	30744.6
4800	0	10	5	0	8	29	0	1	1	5628.27
4804	0	1	9	0	8	29	0	1	1	175739
4804	0	2	9	0	8	29	0	1	1	81286.4
4804	0	3	9	0	8	29	0	1	1	58402.7
4804	0	4	9	0	8	29	0	1	1	58817.3
4804	0	5	9	0	8	29	0	1	1	8363.67
4804	0	6	9	0	8	29	0	1	1	8848.88
4804	0	7	9	0	8	29	0	1	1	205677
4804	0	8	9	0	8	29	0	1	1	4564.76
4804	0	10	9	0	8	29	0	1	1	9.04905e+06
4812	0	3	10	0	8	29	0	1	1	30744.6
4812	0	3	6	0	8	29	0	1	1	15512.4
4812	0	3	4	0	8	29	0	1	1	9196.58
4812	0	3	8	0	8	29	0	1	1	5723.06
4812	0	3	2	0	8	29	0	1	0	18.7115
4812	0	3	1	0	8	29	0	1	0	0.33718
4812	0	5	6	0	8	29	0	1	1	174457
4812	0	5	8	0	8	29	0	1	1	31768.9
4812	0	5	4	0	8	29	0	1	1	5890.32
4812	0	5	10	0	8	29	0	1	1	5628.27
4812	0	5	2	0	8	29	0	1	0	10.9929
4812	0	5	1	0	8	29	0	1	0	0.573882
4812	0	7	4	0	8	29	0	1	1	413064
4812	0	7	10	0	8	29	0	1	1	116924
4812	0	7	6	0	8	29	0	1	1	31879.3
4812	0	7	8	0	8	29	0	1	1	15152.3
4812	0	7	1	0	8	29	0	1	0	1059.42
4812	0	7	2	0	8	29	0	1	0	0.00595561
4812	0	9	10	0	8	29	0	1	1	9.04905e+06
4812	0	9	4	0	8	29	0	1	1	58817.3
4812	0	9	6	0	8	29	0	1	1	8848.88
4812	0	9	8	0	8	29	0	1	1	4564.76
4812	0	9	1	0	8	29	0	1	0	5.43046
4812	0	9	2	0	8	29	0	1	0	1.16183
4816	0	1	7	0	8	29	0	1	1	7.99831e+07
4816	0	2	7	0	8	29	0	1	1	189638
4816	0	3	7	0	8	29	0	1	1	32917.9
4816	0	4	7	0	8	29	0	1	1	413064
4816	0	5	7	0	8	29	0	1	1	15910.7
4816	0	6	7	0	8	29	0	1	1	31879.3
4816	0	8	7	0	8	29	0	1	1	15152.3
4816	0	9	7	0	8	29	0	1	1	205677
4816	0	10	7	0	8	29	0	1	1	116924
5120	0	1	7	0	8	29	0	1	1	7.99831e+07
5120	0	1	2	0	8	29	0	1	1	334250
5120	0	1	3	0	8	29	0	1	1	41882.5
5120	0	4	7	0	8	29	0	1	1	413064
5120	0	4	2	0	8	29	0	1	1	26490.8
5120	0	4	3	0	8	29	0	1	1	9196.58
5120	0	5	2	0	8	29	0	1	1	92290.4
5120	0	5	3	0	8	29	0	1	1	41885.3
5120	0	5	7	0	8	29	0	1	1	15910.7
5120	0	6	2	0	8	29	0	1	1	67469.8
5120	0	6	7	0	8	29	0	1	1	31879.3
5120	0	6	3	0	8	29	0	1	1	15512.4
5120	0	8	2	0	8	29	0	1	1	17242
5120	0	8	7	0	8	29	0	1	1	15152.3
5120	0	8	3	0	8	29	0	1	1	5723.06
5120	0	9	7	0	8	29	0	1	1	205677
5120	0	9	2	0	8	29	0	1	1	81286.4
5120	0	9	3	0	8	29	0	1	1	58402.7
5120	0	10	7	0	8	29	0	1	1	116924
5120	0	10	2	0	8	29	0	1	1	39052.6
5120	0	10	3	0	8	29	0	1	1	30744.6
5128	0	1	9	0	8	29	0	1	1	175739
5128	0	1	10	0	8	29	0	1	1	92748.4
5128	0	1	5	0	8	29	0	1	1	21085.8
5128	0	1	8	0	8	29	0	1	1	17856
5128	0	2	5	0	8	29	0	1	1	92290.4
5128	0	2	9	0	8	29	0	1	1	81286.4
5128	0	2	10	0	8	29	0	1	1	39052.6
5128	0	2	8	0	8	29	0	1	1	17242
5128	0	3	9	0	8	29	0	1	1	58402.7
5128	0	3	5	0	8	29	0	1	1	41885.3
5128	0	3	10	0	8	29	0	1	1	30744.6
5128	0	3	8	0	8	29	0	1	1	5723.06
5128	0	4	9	0	8	29	0	1	1	58817.3
5128	0	4	10	0	8	29	0	1	1	58659.5
5128	0	4	8	0	8	29	0	1	1	9822.72
5128	0	4	5	0	8	29	0	1	1	5890.32
5128	0	6	8	0	8	29	0	1	1	531299
5128	0	6	5	0	8	29	0	1	1	174457
5128	0	6	9	0	8	29	0	1	1	8848.88
5128	0	6	10	0	8	29	0	1	1	6247.16
5128	0	7	9	0	8	29	0	1	1	205677
5128	0	7	10	0	8	29	0	1	1	116924
5128	0	7	5	0	8	29	0	1	1	15910.7
5128	0	7	8	0	8	29	0	1	1	15152.3
5132	0	2	1	0	8	29	0	1	1	334250
5132	0	2	6	0	8	29	0	1	1	67469.8
5132	0	2	4	0	8	29	0	1	1	26490.8
5132	0	3	1	0	8	29	0	1	1	41882.5
5132	0	3	6	0	8	29	0	1	1	15512.4
5132	0	3	4	0	8	29	0	1	1	9196.58
5132	0	5	6	0	8	29	0	1	1	174457
5132	0	5	1	0	8	29	0	1	1	21085.8
5132	0	5	4	0	8	29	0	1	1	5890.32
5132	0	7	1	0	8	29	0	1	1	7.99831e+07
5132	0	7	4	0	8	29	0	1	1	413064
5132	0	7	6	0	8	29	0	1	1	31879.3
5132	0	8	6	0	8	29	0	1	1	531299
5132	0	8	1	0	8	29	0	1	1	17856
5132	0	8	4	0	8	29	0	1	1	9822.72
5132	0	9	1	0	8	29	0	1	1	175739
5132	0	9	4	0	8	29	0	1	1	58817.3
5132	0	9	6	0	8	29	0	1	1	8848.88
5132	0	10	1	0	8	29	0	1	1	92748.4
5132	0	10	4	0	8	29	0	1	1	58659.5
5132	0	10	6	0	8	29	0	1	1	6247.16
5440	0	3	10	0	8	29	0	1	1	30744.6
5440	0	3	4	0	8	29	0	1	1	9196.58
5440	0	3	2	0	8	29	0	1	0	18.7115
5440	0	3	1	0	8	29	0	1	0	0.33718
5440	0	5	4	0	8	29	0	1	1	5890.32
5440	0	5	10	0	8	29	0	1	1	5628.27
5440	0	5	2	0	8	29	0	1	0	10.9929
5440	0	5	1	0	8	29	0	1	0	0.573882
5440	0	6	4	0	8	29	0	1	1	13157.2
5440	0	6	10	0	8	29	0	1	1	6247.16
5440	0	6	2	0	8	29	0	1	0	3.99305
5440	0	6	1	0	8	29	0	1	0	1.57998
5440	0	7	4	0	8	29	0	1	1	413064
5440	0	7	10	0	8	29	0	1	1	116924
5440	0	7	1	0	8	29	0	1	0	1059.42
5440	0	7	2	0	8	29	0	1	0	0.00595561
5440	0	8	4	0	8	29	0	1	1	9822.72
5440	0	8	10	0	8	29	0	1	1	3547.86
5440	0	8	1	0	8	29	0	1	0	2.60096
5440	0	8	2	0	8	29	0	1	0	2.42517
5440	0	9	10	0	8	29	0	1	1	9.04905e+06
5440	0	9	4	0	8	29	0	1	1	58817.3
5440	0	9	1	0	8	29	0	1	0	5.43046
5440	0	9	2	0	8	29	0	1	0	1.16183
5448	0	1	9	0	8	29	0	1	1	175739
5448	0	2	9	0	8	29	0	1	1	81286.4
5448	0	3	9	0	8	29	0	1	1	58402.7
5448	0	4	9	0	8	29	0	1	1	58817.3
5448	0	5	9	0	8	29	0	1	1	8363.67
5448	0	6	9	0	8	29	0	1	1	8848.88
5448	0	7	9	0	8	29	0	1	1	205677
5448	0	8	9	0	8	29	0	1	1	4564.76
5448	0	10	9	0	8	29	0	1	1	9.04905e+06
5452	0	1	7	0	8	29	0	1	1	7.99831e+07
5452	0	1	3	0	8	29	0	1	1	41882.5
5452	0	2	3	0	8	29	0	1	1	312009
5452	0	2	7	0	8	29	0	1	1	189638
5452	0	4	7	0	8	29	0	1	1	413064
5452	0	4	3	0	8	29	0	1	1	9196.58
5452	0	5	3	0	8	29	0	1	1	41885.3
5452	0	5	7	0	8	29	0	1	1	15910.7
5452	0	6	7	0	8	29	0	1	1	31879.3
5452	0	6	3	0	8	29	0	1	1	15512.4
5452	0	8	7	0	8	29	0	1	1	15152.3
5452	0	8	3	0	8	29	0	1	1	5723.06
5452	0	9	7	0	8	29	0	1	1	205677
5452	0	9	3	0	8	29	0	1	1	58402.7
5452	0	10	7	0	8	29	0	1	1	116924
5452	0	10	3	0	8	29	0	1	1	30744.6
5456	0	1	6	0	8	29	0	1	1	42440.3
5456	0	1	5	0	8	29	0	1	1	21085.8
5456	0	1	8	0	8	29	0	1	1	17856
5456	0	2	5	0	8	29	0	1	1	92290.4
5456	0	2	6	0	8	29	0	1	1	67469.8
5456	0	2	8	0	8	29	0	1	1	17242
5456	0	3	5	0	8	29	0	1	1	41885.3
5456	0	3	6	0	8	29	0	1	1	15512.4
5456	0	3	8	0	8	29	0	1	1	5723.06
5456	0	4	6	0	8	29	0	1	1	13157.2
5456	0	4	8	0	8	29	0	1	1	9822.72
5456	0	4	5	0	8	29	0	1	1	5890.32
5456	0	7	6	0	8	29	0	1	1	31879.3
5456	0	7	5	0	8	29	0	1	1	15910.7
5456	0	7	8	0	8	29	0	1	1	15152.3
5456	0	9	6	0	8	29	0	1	1	8848.88
5456	0	9	5	0	8	29	0	1	1	8363.67
5456	0	9	8	0	8	29	0	1	1	4564.76
5456	0	10	6	0	8	29	0	1	1	6247.16
5456	0	10	5	0	8	29	0	1	1	5628.27
5456	0	10	8	0	8	29	0	1	1	3547.86
5760	0	1	7	0	8	29	0	1	1	7.99831e+07
5760	0	1	4	0	8	29	0	1	1	228877
5760	0	1	5	0	8	29	0	1	1	21085.8
5760	0	1	2	0	8	29	0	1	0	9.95666
5760	0	1	6	0	8	29	0	1	0	0.283422
5760	0	1	3	0	8	29	0	1	0	0.279283
5760	0	8	5	0	8	29	0	1	1	31768.9
5760	0	8	7	0	8	29	0	1	1	15152.3
5760	0	8	4	0	8	29	0	1	1	9822.72
5760	0	8	6	0	8	29	0	1	0	58.1065
5760	0	8	2	0	8	29	0	1	0	0.0806478
5760	0	8	3	0	8	29	0	1	0	0.026207
5760	0	9	7	0	8	29	0	1	1	205677
5760	0	9	4	0	8	29	0	1	1	58817.3
5760	0	9	5	0	8	29	0	1	1	8363.67
5760	0	9	2	0	8	29	0	1	0	3.03598
5760	0	9	3	0	8	29	0	1	0	1.62752
5760	0	9	6	0	8	29	0	1	0	0.159118
5760	0	10	7	0	8	29	0	1	1	116924
5760	0	10	4	0	8	29	0	1	1	58659.5
5760	0	10	5	0	8	29	0	1	1	5628.27
5760	0	10	2	0	8	29	0	1	0	2.65165
5760	0	10	3	0	8	29	0	1	0	1.7047
5760	0	10	6	0	8	29	0	1	0	0.224817
5764	0	1	9	0	8	29	0	1	1	175739
5764	0	1	8	0	8	29	0	1	1	17856
5764	0	2	9	0	8	29	0	1	1	81286.4
5764	0	2	8	0	8	29	0	1	1	17242
5764	0	3	9	0	8	29	0	1	1	58402.7
5764	0	3	8	0	8	29	0	1	1	5723.06
5764	0	4	9	0	8	29	0	1	1	58817.3
5764	0	4	8	0	8	29	0	1	1	9822.72
5764	0	5	8	0	8	29	0	1	1	31768.9
5764	0	5	9	0	8	29	0	1	1	8363.67
5764	0	6	8	0	8	29	0	1	1	531299
5764	0	6	9	0	8	29	0	1	1	8848.88
5764	0	7	9	0	8	29	0	1	1	205677
5764	0	7	8	0	8	29	0	1	1	15152.3
5764	0	10	9	0	8	29	0	1	1	9.04905e+06
5764	0	10	8	0	8	29	0	1	1	3547.86
5768	0	2	1	0	8	29	0	1	1	334250
5768	0	2	10	0	8	29	0	1	1	39052.6
5768	0	3	1	0	8	29	0	1	1	41882.5
5768	0	3	10	0	8	29	0	1	1	30744.6
5768	0	4	1	0	8	29	0	1	1	228877
5768	0	4	10	0	8	29	0	1	1	58659.5
5768	0	5	1	0	8	29	0	1	1	21085.8
5768	0	5	10	0	8	29	0	1	1	5628.27
5768	0	6	1	0	8	29	0	1	1	42440.3
5768	0	6	10	0	8	29	0	1	1	6247.16
5768	0	7	1	0	8	29	0	1	1	7.99831e+07
5768	0	7	10	0	8	29	0	1	1	116924
5768	0	8	1	0	8	29	0	1	1	17856
5768	0	8	10	0	8	29	0	1	1	3547.86
5768	0	9	10	0	8	29	0	1	1	9.04905e+06
5768	0	9	1	0	8	29	0	1	1	175739
6080	0	1	9	0	8	29	0	1	1	175739
6080	0	1	5	0	8	29	0	1	1	21085.8
6080	0	2	5	0	8	29	0	1	1	92290.4
6080	0	2	9	0	8	29	0	1	1	81286.4
6080	0	3	9	0	8	29	0	1	1	58402.7
6080	0	3	5	0	8	29	0	1	1	41885.3
6080	0	4	9	0	8	29	0	1	1	58817.3
6080	0	4	5	0	8	29	0	1	1	5890.32
6080	0	6	5	0	8	29	0	1	1	174457
6080	0	6	9	0	8	29	0	1	1	8848.88
6080	0	7	9	0	8	29	0	1	1	205677
6080	0	7	5	0	8	29	0	1	1	15910.7
6080	0	8	5	0	8	29	0	1	1	31768.9
6080	0	8	9	0	8	29	0	1	1	4564.76
6080	0	10	9	0	8	29	0	1	1	9.04905e+06
6080	0	10	5	0	8	29	0	1	1	5628.27
6084	0	1	4	0	8	29	0	1	0	6.81781
6084	0	1	6	0	8	29	0	1	0	0.393722
6084	0	1	3	0	8	29	0	1	0	0.387749
6084	0	2	3	0	8	29	0	1	0	8.34083
6084	0	2	6	0	8	29	0	1	0	0.500666
6084	0	2	4	0	8	29	0	1	0	0.17535
6084	0	5	6	0	8	29	0	1	0	9.1719
6084	0	5	3	0	8	29	0	1	0	0.583372
6084	0	5	4	0	8	29	0	1	0	0.0683899
6084	0	7	4	0	8	29	0	1	0	16.0119
6084	0	7	3	0	8	29	0	1	0	0.185834
6084	0	7	6	0	8	29	0	1	0	0.179552
6084	0	8	6	0	8	29	0	1	0	85.8334
6084	0	8	4	0	8	29	0	1	0	0.0459449
6084	0	8	3	0	8	29	0	1	0	0.0265663
6084	0	9	4	0	8	29	0	1	0	2.19678
6084	0	9	3	0	8	29	0	1	0	2.16793
6084	0	9	6	0	8	29	0	1	0	0.189617
6084	0	10	4	0	8	29	0	1	0	3.98295
6084	0	10	3	0	8	29	0	1	0	1.18977
6084	0	10	6	0	8	29	0	1	0	0.175514
6088	0	2	1	0	8	29	0	1	1	334250
6088	0	3	1	0	8	29	0	1	1	41882.5
6088	0	4	1	0	8	29	0	1	1	228877
6088	0	5	1	0	8	29	0	1	1	21085.8
6088	0	6	1	0	8	29	0	1	1	42440.3
6088	0	7	1	0	8	29	0	1	1	7.99831e+07
6088	0	8	1	0	8	29	0	1	1	17856
6088	0	9	1	0	8	29	0	1	1	175739
6088	0	10	1	0	8	29	0	1	1	92748.4
6092	0	1	2	0	8	29	0	1	1	334250
6092	0	1	10	0	8	29	0	1	1	92748.4
6092	0	3	2	0	8	29	0	1	1	312009
6092	0	3	10	0	8	29	0	1	1	30744.6
6092	0	4	10	0	8	29	0	1	1	58659.5
6092	0	4	2	0	8	29	0	1	1	26490.8
6092	0	5	2	0	8	29	0	1	1	92290.4
6092	0	5	10	0	8	29	0	1	1	5628.27
6092	0	6	2	0	8	29	0	1	1	67469.8
6092	0	6	10	0	8	29	0	1	1	6247.16
6092	0	7	2	0	8	29	0	1	1	189638
6092	0	7	10	0	8	29	0	1	1	116924
6092	0	8	2	0	8	29	0	1	1	17242
6092	0	8	10	0	8	29	0	1	1	3547.86
6092	0	9	10	0	8	29	0	1	1	9.04905e+06
6092	0	9	2	0	8	29	0	1	1	81286.4
6096	0	1	7	0	8	29	0	1	1	7.99831e+07
6096	0	1	8	0	8	29	0	1	1	17856
6096	0	2	7	0	8	29	0	1	1	189638
6096	0	2	8	0	8	29	0	1	1	17242
6096	0	3	7	0	8	29	0	1	1	32917.9
6096	0	3	8	0	8	29	0	1	1	5723.06
6096	0	4	7	0	8	29	0	1	1	413064
6096	0	4	8	0	8	29	0	1	1	9822.72
6096	0	5	8	0	8	29	0	1	1	31768.9
6096	0	5	7	0	8	29	0	1	1	15910.7
6096	0	6	8	0	8	29	0	1	1	531299
6096	0	6	7	0	8	29	0	1	1	31879.3
6096	0	9	7	0	8	29	0	1	1	205677
6096	0	9	8	0	8	29	0	1	1	4564.76
6096	0	10	7	0	8	29	0	1	1	116924
6096	0	10	8	0	8	29	0	1	1	3547.86
6400	0	1	3	0	8	29	0	1	1	41882.5
6400	0	1	8	0	8	29	0	1	1	17856
6400	0	2	3	0	8	29	0	1	1	312009
6400	0	2	8	0	8	29	0	1	1	17242
6400	0	4	8	0	8	29	0	1	1	9822.72
6400	0	4	3	0	8	29	0	1	1	9196.58
6400	0	5	3	0	8	29	0	1	1	41885.3
6400	0	5	8	0	8	29	0	1	1	31768.9
6400	0	6	8	0	8	29	0	1	1	531299
6400	0	6	3	0	8	29	0	1	1	15512.4
6400	0	7	3	0	8	29	0	1	1	32917.9
6400	0	7	8	0	8	29	0	1	1	15152.3
6400	0	9	3	0	8	29	0	1	1	58402.7
6400	0	9	8	0	8	29	0	1	1	4564.76
6400	0	10	3	0	8	29	0	1	1	30744.6
6400	0	10	8	0	8	29	0	1	1	3547.86
6404	0	1	4	0	8	29	0	1	1	228877
6404	0	1	9	0	8	29	0	1	1	175739
6404	0	2	9	0	8	29	0	1	1	81286.4
6404	0	2	4	0	8	29	0	1	1	26490.8
6404	0	3	9	0	8	29	0	1	1	58402.7
6404	0	3	4	0	8	29	0	1	1	9196.58
6404	0	5	9	0	8	29	0	1	1	8363.67
6404	0	5	4	0	8	29	0	1	1	5890.32
6404	0	6	4	0	8	29	0	1	1	13157.2
6404	0	6	9	0	8	29	0	1	1	8848.88
6404	0	7	4	0	8	29	0	1	1	413064
6404	0	7	9	0	8	29	0	1	1	205677
6404	0	8	4	0	8	29	0	1	1	9822.72
6404	0	8	9	0	8	29	0	1	1	4564.76
6404	0	10	9	0	8	29	0	1	1	9.04905e+06
6404	0	10	4	0	8	29	0	1	1	58659.5
6408	0	1	6	0	8	29	0	1	1	42440.3
6408	0	2	6	0	8	29	0	1	1	67469.8
6408	0	3	6	0	8	29	0	1	1	15512.4
6408	0	4	6	0	8	29	0	1	1	13157.2
6408	0	5	6	0	8	29	0	1	1	174457
6408	0	7	6	0	8	29	0	1	1	31879.3
6408	0	8	6	0	8	29	0	1	1	531299
6408	0	9	6	0	8	29	0	1	1	8848.88
6408	0	10	6	0	8	29	0	1	1	6247.16
6412	0	2	1	0	8	29	0	1	1	334250
6412	0	2	7	0	8	29	0	1	1	189638
6412	0	2	5	0	8	29	0	1	1	92290.4
6412	0	3	5	0	8	29	0	1	1	41885.3
6412	0	3	1	0	8	29	0	1	1	41882.5
6412	0	3	7	0	8	29	0	1	1	32917.9
6412	0	4	7	0	8	29	0	1	1	413064
6412	0	4	1	0	8	29	0	1	1	228877
6412	0	4	5	0	8	29	0	1	1	5890.32
6412	0	6	5	0	8	29	0	1	1	174457
6412	0	6	1	0	8	29	0	1	1	42440.3
6412	0	6	7	0	8	29	0	1	1	31879.3
6412	0	8	5	0	8	29	0	1	1	31768.9
6412	0	8	1	0	8	29	0	1	1	17856
6412	0	8	7	0	8	29	0	1	1	15152.3
6412	0	9	7	0	8	29	0	1	1	205677
6412	0	9	1	0	8	29	0	1	1	175739
6412	0	9	5	0	8	29	0	1	1	8363.67
6412	0	10	7	0	8	29	0	1	1	116924
6412	0	10	1	0	8	29	0	1	1	92748.4
6412	0	10	5	0	8	29	0	1	1	5628.27
6416	0	1	2	0	8	29	0	1	1	334250
6416	0	1	10	0	8	29	0	1	1	92748.4
6416	0	3	2	0	8	29	0	1	1	312009
6416	0	3	10	0	8	29	0	1	1	30744.6
6416	0	4	10	0	8	29	0	1	1	58659.5
6416	0	4	2	0	8	29	0	1	1	26490.8
6416	0	5	2	0	8	29	0	1	1	92290.4
6416	0	5	10	0	8	29	0	1	1	5628.27
6416	0	6	2	0	8	29	0	1	1	67469.8
6416	0	6	10	0	8	29	0	1	1	6247.16
6416	0	7	2	0	8	29	0	1	1	189638
6416	0	7	10	0	8	29	0	1	1	116924
6416	0	8	2	0	8	29	0	1	1	17242
6416	0	8	10	0	8	29	0	1	1	3547.86
6416	0	9	10	0	8	29	0	1	1	9.04905e+06
6416	0	9	2	0	8	29	0	1	1	81286.4
6720	0	1	10	0	8	29	0	1	1	92748.4
6720	0	1	3	0	8	29	0	1	1	41882.5
6720	0	2	3	0	8	29	0	1	1	312009
6720	0	2	10	0	8	29	0	1	1	39052.6
6720	0	4	10	0	8	29	0	1	1	58659.5
6720	0	4	3	0	8	29	0	1	1	9196.58
6720	0	5	3	0	8	29	0	1	1	41885.3
6720	0	5	10	0	8	29	0	1	1	5628.27
6720	0	6	3	0	8	29	0	1	1	15512.4
6720	0	6	10	0	8	29	0	1	1	6247.16
6720	0	7	10	0	8	29	0	1	1	116924
6720	0	7	3	0	8	29	0	1	1	32917.9
6720	0	8	3	0	8	29	0	1	1	5723.06
6720	0	8	10	0	8	29	0	1	1	3547.86
6720	0	9	10	0	8	29	0	1	1	9.04905e+06
6720	0	9	3	0	8	29	0	1	1	58402.7
6724	0	1	8	0	8	29	0	1	1	17856
6724	0	2	8	0	8	29	0	1	1	17242
6724	0	3	8	0	8	29	0	1	1	5723.06
6724	0	4	8	0	8	29	0	1	1	9822.72
6724	0	5	8	0	8	29	0	1	1	31768.9
6724	0	6	8	0	8	29	0	1	1	531299
6724	0	7	8	0	8	29	0	1	1	15152.3
6724	0	9	8	0	8	29	0	1	1	4564.76
6724	0	10	8	0	8	29	0	1	1	3547.86
6728	0	1	4	0	8	29	0	1	1	228877
6728	0	2	4	0	8	29	0	1	1	26490.8
6728	0	3	4	0	8	29	0	1	1	9196.58
6728	0	5	4	0	8	29	0	1	1	5890.32
6728	0	6	4	0	8	29	0	1	1	13157.2
6728	0	7	4	0	8	29	0	1	1	413064
6728	0	8	4	0	8	29	0	1	1	9822.72
6728	0	9	4	0	8	29	0	1	1	58817.3
6728	0	10	4	0	8	29	0	1	1	58659.5
6732	0	3	2	0	8	29	0	1	1	312009
6732	0	3	5	0	8	29	0	1	1	41885.3
6732	0	3	1	0	8	29	0	1	0	3.19571
6732	0	3	7	0	8	29	0	1	0	1.97412
6732	0	4	2	0	8	29	0	1	1	26490.8
6732	0	4	5	0	8	29	0	1	1	5890.32
6732	0	4	7	0	8	29	0	1	0	4.53325
6732	0	4	1	0	8	29	0	1	0	1.39182
6732	0	6	5	0	8	29	0	1	1	174457
6732	0	6	2	0	8	29	0	1	1	67469.8
6732	0	6	1	0	8	29	0	1	0	3.34376
6732	0	6	7	0	8	29	0	1	0	1.88671
6732	0	8	5	0	8	29	0	1	1	31768.9
6732	0	8	2	0	8	29	0	1	1	17242
6732	0	8	1	0	8	29	0	1	0	2.9596
6732	0	8	7	0	8	29	0	1	0	2.13125
6732	0	9	2	0	8	29	0	1	1	81286.4
6732	0	9	5	0	8	29	0	1	1	8363.67
6732	0	9	7	0	8	29	0	1	0	2.93976
6732	0	9	1	0	8	29	0	1	0	2.14623
6732	0	10	2	0	8	29	0	1	1	39052.6
6732	0	10	5	0	8	29	0	1	1	5628.27
6732	0	10	7	0	8	29	0	1	0	3.16653
6732	0	10	1	0	8	29	0	1	0	1.99248
6736	0	1	9	0	8	29	0	1	1	175739
6736	0	1	6	0	8	29	0	1	1	42440.3
6736	0	2	9	0	8	29	0	1	1	81286.4
6736	0	2	6	0	8	29	0	1	1	67469.8
6736	0	3	9	0	8	29	0	1	1	58402.7
6736	0	3	6	0	8	29	0	1	1	15512.4
6736	0	4	9	0	8	29	0	1	1	58817.3
6736	0	4	6	0	8	29	0	1	1	13157.2
6736	0	5	6	0	8	29	0	1	1	174457
6736	0	5	9	0	8	29	0	1	1	8363.67
6736	0	7	9	0	8	29	0	1	1	205677
6736	0	7	6	0	8	29	0	1	1	31879.3
6736	0	8	6	0	8	29	0	1	1	531299
6736	0	8	9	0	8	29	0	1	1	4564.76
6736	0	10	9	0	8	29	0	1	1	9.04905e+06
6736	0	10	6	0	8	29	0	1	1	6247.16
7040	0	1	7	0	8	29	0	1	1	7.99831e+07
7040	0	1	2	0	8	29	0	1	1	334250
7040	0	1	10	0	8	29	0	1	1	92748.4
7040	0	3	2	0	8	29	0	1	1	312009
7040	0	3	7	0	8	29	0	1	1	32917.9
7040	0	3	10	0	8	29	0	1	1	30744.6
7040	0	4	7	0	8	29	0	1	1	413064
7040	0	4	10	0	8	29	0	1	1	58659.5
7040	0	4	2	0	8	29	0	1	1	26490.8
7040	0	5	2	0	8	29	0	1	1	92290.4
7040	0	5	7	0	8	29	0	1	1	15910.7
7040	0	5	10	0	8	29	0	1	1	5628.27
7040	0	6	2	0	8	29	0	1	1	67469.8
7040	0	6	7	0	8	29	0	1	1	31879.3
7040	0	6	10	0	8	29	0	1	1	6247.16
7040	0	8	2	0	8	29	0	1	1	17242
7040	0	8	7	0	8	29	0	1	1	15152.3
7040	0	8	10	0	8	29	0	1	1	3547.86
7040	0	9	10	0	8	29	0	1	1	9.04905e+06
7040	0	9	7	0	8	29	0	1	1	205677
7040	0	9	2	0	8	29	0	1	1	81286.4
7044	0	2	1	0	8	29	0	1	1	334250
7044	0	2	4	0	8	29	0	1	1	26490.8
7044	0	3	1	0	8	29	0	1	1	41882.5
7044	0	3	4	0	8	29	0	1	1	9196.58
7044	0	5	1	0	8	29	0	1	1	21085.8
7044	0	5	4	0	8	29	0	1	1	5890.32
7044	0	6	1	0	8	29	0	1	1	42440.3
7044	0	6	4	0	8	29	0	1	1	13157.2
7044	0	7	1	0	8	29	0	1	1	7.99831e+07
7044	0	7	4	0	8	29	0	1	1	413064
7044	0	8	1	0	8	29	0	1	1	17856
7044	0	8	4	0	8	29	0	1	1	9822.72
7044	0	9	1	0	8	29	0	1	1	175739
7044	0	9	4	0	8	29	0	1	1	58817.3
7044	0	10	1	0	8	29	0	1	1	92748.4
7044	0	10	4	0	8	29	0	1	1	58659.5
7048	0	1	6	0	8	29	0	1	1	42440.3
7048	0	2	6	0	8	29	0	1	1	67469.8
7048	0	3	6	0	8	29	0	1	1	15512.4
7048	0	4	6	0	8	29	0	1	1	13157.2
7048	0	5	6	0	8	29	0	1	1	174457
7048	0	7	6	0	8	29	0	1	1	31879.3
7048	0	8	6	0	8	29	0	1	1	531299
7048	0	9	6	0	8	29	0	1	1	8848.88
7048	0	10	6	0	8	29	0	1	1	6247.16
7052	0	1	9	0	8	29	0	1	1	175739
7052	0	1	8	0	8	29	0	1	1	17856
7052	0	2	9	0	8	29	0	1	1	81286.4
7052	0	2	8	0	8	29	0	1	1	17242
7052	0	3	9	0	8	29	0	1	1	58402.7
7052	0	3	8	0	8	29	0	1	1	5723.06
7052	0	4	9	0	8	29	0	1	1	58817.3
7052	0	4	8	0	8	29	0	1	1	9822.72
7052	0	5	8	0	8	29	0	1	1	31768.9
7052	0	5	9	0	8	29	0	1	1	8363.67
7052	0	6	8	0	8	29	0	1	1	531299
7052	0	6	9	0	8	29	0	1	1	8848.88
7052	0	7	9	0	8	29	0	1	1	205677
7052	0	7	8	0	8	29	0	1	1	15152.3
7052	0	10	9	0	8	29	0	1	1	9.04905e+06
7052	0	10	8	0	8	29	0	1	1	3547.86
7056	0	1	3	0	8	29	0	1	1	41882.5
7056	0	1	5	0	8	29	0	1	1	21085.8
7056	0	2	3	0	8	29	0	1	1	312009
7056	0	2	5	0	8	29	0	1	1	92290.4
7056	0	4	3	0	8	29	0	1	1	9196.58
7056	0	4	5	0	8	29	0	1	1	5890.32
7056	0	6	5	0	8	29	0	1	1	174457
7056	0	6	3	0	8	29	0	1	1	15512.4
7056	0	7	3	0	8	29	0	1	1	32917.9
7056	0	7	5	0	8	29	0	1	1	15910.7
7056	0	8	5	0	8	29	0	1	1	31768.9
7056	0	8	3	0	8	29	0	1	1	5723.06
7056	0	9	3	0	8	29	0	1	1	58402.7
7056	0	9	5	0	8	29	0	1	1	8363.67
7056	0	10	3	0	8	29	0	1	1	30744.6
7056	0	10	5	0	8	29	0	1	1	5628.27
7360	0	1	4	0	8	29	0	1	1	228877
7360	0	1	10	0	8	29	0	1	0	11.0475
7360	0	1	5	0	8	29	0	1	0	0.571048
7360	0	2	4	0	8	29	0	1	1	26490.8
7360	0	2	5	0	8	29	0	1	0	5.9358
7360	0	2	10	0	8	29	0	1	0	1.06287
7360	0	3	4	0	8	29	0	1	1	9196.58
7360	0	3	5	0	8	29	0	1	0	3.42183
7360	0	3	10	0	8	29	0	1	0	1.84366
7360	0	6	4	0	8	29	0	1	1	13157.2
7360	0	6	5	0	8	29	0	1	0	70.1184
7360	0	6	10	0	8	29	0	1	0	0.0899471
7360	0	7	4	0	8	29	0	1	1	413064
7360	0	7	10	0	8	29	0	1	0	18.4563
7360	0	7	5	0	8	29	0	1	0	0.341804
7360	0	8	4	0	8	29	0	1	1	9822.72
7360	0	8	5	0	8	29	0	1	0	22.4765
7360	0	8	10	0	8	29	0	1	0	0.280498
7360	0	9	4	0	8	29	0	1	1	58817.3
7360	0	9	10	0	8	29	0	1	0	2716.91
7360	0	9	5	0	8	29	0	1	0	0.00232163
7364	0	1	7	0	8	29	0	1	1	7.99831e+07
7364	0	1	8	0	8	29	0	1	1	17856
7364	0	2	7	0	8	29	0	1	1	189638
7364	0	2	8	0	8	29	0	1	1	17242
7364	0	3	7	0	8	29	0	1	1	32917.9
7364	0	3	8	0	8	29	0	1	1	5723.06
7364	0	4	7	0	8	29	0	1	1	413064
7364	0	4	8	0	8	29	0	1	1	9822.72
7364	0	5	8	0	8	29	0	1	1	31768.9
7364	0	5	7	0	8	29	0	1	1	15910.7
7364	0	6	8	0	8	29	0	1	1	531299
7364	0	6	7	0	8	29	0	1	1	31879.3
7364	0	9	7	0	8	29	0	1	1	205677
7364	0	9	8	0	8	29	0	1	1	4564.76
7364	0	10	7	0	8	29	0	1	1	116924
7364	0	10	8	0	8	29	0	1	1	3547.86
7372	0	1	9	0	8	29	0	1	1	175739
7372	0	1	3	0	8	29	0	1	1	41882.5
7372	0	2	3	0	8	29	0	1	1	312009
7372	0	2	9	0	8	29	0	1	1	81286.4
7372	0	4	9	0	8	29	0	1	1	58817.3
7372	0	4	3	0	8	29	0	1	1	9196.58
7372	0	5	3	0	8	29	0	1	1	41885.3
7372	0	5	9	0	8	29	0	1	1	8363.67
7372	0	6	3	0	8	29	0	1	1	15512.4
7372	0	6	9	0	8	29	0	1	1	8848.88
7372	0	7	9	0	8	29	0	1	1	205677
7372	0	7	3	0	8	29	0	1	1	32917.9
7372	0	8	3	0	8	29	0	1	1	5723.06
7372	0	8	9	0	8	29	0	1	1	4564.76
7372	0	10	9	0	8	29	0	1	1	9.04905e+06
7372	0	10	3	0	8	29	0	1	1	30744.6
7376	0	3	2	0	8	29	0	1	1	312009
7376	0	3	1	0	8	29	0	1	1	41882.5
7376	0	3	6	0	8	29	0	1	1	15512.4
7376	0	4	1	0	8	29	0	1	1	228877
7376	0	4	2	0	8	29	0	1	1	26490.8
7376	0	4	6	0	8	29	0	1	1	13157.2
7376	0	5	6	0	8	29	0	1	1	174457
7376	0	5	2	0	8	29	0	1	1	92290.4
7376	0	5	1	0	8	29	0	1	1	21085.8
7376	0	7	1	0	8	29	0	1	1	7.99831e+07
7376	0	7	2	0	8	29	0	1	1	189638
7376	0	7	6	0	8	29	0	1	1	31879.3
7376	0	8	6	0	8	29	0	1	1	531299
7376	0	8	1	0	8	29	0	1	1	17856
7376	0	8	2	0	8	29	0	1	1	17242
7376	0	9	1	0	8	29	0	1	1	175739
7376	0	9	2	0	8	29	0	1	1	81286.4
7376	0	9	6	0	8	29	0	1	1	8848.88
7376	0	10	1	0	8	29	0	1	1	92748.4
7376	0	10	2	0	8	29	0	1	1	39052.6
7376	0	10	6	0	8	29	0	1	1	6247.16
7680	0	1	7	0	8	29	0	1	1	7.99831e+07
7680	0	1	6	0	8	29	0	1	1	42440.3
7680	0	1	3	0	8	29	0	1	1	41882.5
7680	0	1	5	0	8	29	0	1	1	21085.8
7680	0	1	8	0	8	29	0	1	1	17856
7680	0	2	3	0	8	29	0	1	1	312009
7680	0	2	7	0	8	29	0	1	1	189638
7680	0	2	5	0	8	29	0	1	1	92290.4
7680	0	2	6	0	8	29	0	1	1	67469.8
7680	0	2	8	0	8	29	0	1	1	17242
7680	0	4	7	0	8	29	0	1	1	413064
7680	0	4	6	0	8	29	0	1	1	13157.2
7680	0	4	8	0	8	29	0	1	1	9822.72
7680	0	4	3	0	8	29	0	1	1	9196.58
7680	0	4	5	0	8	29	0	1	1	5890.32
7680	0	9	7	0	8	29	0	1	1	205677
7680	0	9	3	0	8	29	0	1	1	58402.7
7680	0	9	6	0	8	29	0	1	1	8848.88
7680	0	9	5	0	8	29	0	1	1	8363.67
7680	0	9	8	0	8	29	0	1	1	4564.76
7680	0	10	7	0	8	29	0	1	1	116924
7680	0	10	3	0	8	29	0	1	1	30744.6
7680	0	10	6	0	8	29	0	1	1	6247.16
7680	0	10	5	0	8	29	0	1	1	5628.27
7680	0	10	8	0	8	29	0	1	1	3547.86
7692	0	3	2	0	8	29	0	1	1	312009
7692	0	3	1	0	8	29	0	1	1	41882.5
7692	0	4	1	0	8	29	0	1	1	228877
7692	0	4	2	0	8	29	0	1	1	26490.8
7692	0	5	2	0	8	29	0	1	1	92290.4
7692	0	5	1	0	8	29	0	1	1	21085.8
7692	0	6	2	0	8	29	0	1	1	67469.8
7692	0	6	1	0	8	29	0	1	1	42440.3
7692	0	7	1	0	8	29	0	1	1	7.99831e+07
7692	0	7	2	0	8	29	0	1	1	189638
7692	0	8	1	0	8	29	0	1	1	17856
7692	0	8	2	0	8	29	0	1	1	17242
7692	0	9	1	0	8	29	0	1	1	175739
7692	0	9	2	0	8	29	0	1	1	81286.4
7692	0	10	1	0	8	29	0	1	1	92748.4
7692	0	10	2	0	8	29	0	1	1	39052.6
7696	0	1	9	0	8	29	0	1	1	175739
7696	0	1	4	0	8	29	0	1	0	6.19847
7696	0	1	10	0	8	29	0	1	0	1.01789
7696	0	2	9	0	8	29	0	1	1	81286.4
7696	0	2	10	0	8	29	0	1	0	3.70265
7696	0	2	4	0	8	29	0	1	0	1.7038
7696	0	3	9	0	8	29	0	1	1	58402.7
7696	0	3	10	0	8	29	0	1	0	8.39506
7696	0	3	4	0	8	29	0	1	0	0.751315
7696	0	5	9	0	8	29	0	1	1	8363.67
7696	0	5	4	0	8	29	0	1	0	2.62767
7696	0	5	10	0	8	29	0	1	0	2.39911
7696	0	6	9	0	8	29	0	1	1	8848.88
7696	0	6	4	0	8	29	0	1	0	5.28817
7696	0	6	10	0	8	29	0	1	0	1.19244
7696	0	7	9	0	8	29	0	1	1	205677
7696	0	7	4	0	8	29	0	1	0	8.87371
7696	0	7	10	0	8	29	0	1	0	0.711021
7696	0	8	9	0	8	29	0	1	1	4564.76
7696	0	8	4	0	8	29	0	1	0	6.94958
7696	0	8	10	0	8	29	0	1	0	0.907033
8000	0	1	3	0	8	29	0	1	1	41882.5
8000	0	1	5	0	8	29	0	1	1	21085.8
8000	0	2	3	0	8	29	0	1	1	312009
8000	0	2	5	0	8	29	0	1	1	92290.4
8000	0	4	3	0	8	29	0	1	1	9196.58
8000	0	4	5	0	8	29	0	1	1	5890.32
8000	0	6	5	0	8	29	0	1	1	174457
8000	0	6	3	0	8	29	0	1	1	15512.4
8000	0	7	3	0	8	29	0	1	1	32917.9
8000	0	7	5	0	8	29	0	1	1	15910.7
8000	0	8	5	0	8	29	0	1	1	31768.9
8000	0	8	3	0	8	29	0	1	1	5723.06
8000	0	9	3	0	8	29	0	1	1	58402.7
8000	0	9	5	0	8	29	0	1	1	8363.67
8000	0	10	3	0	8	29	0	1	1	30744.6
8000	0	10	5	0	8	29	0	1	1	5628.27
8004	0	2	1	0	8	29	0	1	1	334250
8004	0	2	4	0	8	29	0	1	1	26490.8
8004	0	3	1	0	8	29	0	1	1	41882.5
8004	0	3	4	0	8	29	0	1	1	9196.58
8004	0	5	1	0	8	29	0	1	1	21085.8
8004	0	5	4	0	8	29	0	1	1	5890.32
8004	0	6	1	0	8	29	0	1	1	42440.3
8004	0	6	4	0	8	29	0	1	1	13157.2
8004	0	7	1	0	8	29	0	1	1	7.99831e+07
8004	0	7	4	0	8	29	0	1	1	413064
8004	0	8	1	0	8	29	0	1	1	17856
8004	0	8	4	0	8	29	0	1	1	9822.72
8004	0	9	1	0	8	29	0	1	1	175739
8004	0	9	4	0	8	29	0	1	1	58817.3
8004	0	10	1	0	8	29	0	1	1	92748.4
8004	0	10	4	0	8	29	0	1	1	58659.5
8008	0	1	7	0	8	29	0	1	1	7.99831e+07
8008	0	1	10	0	8	29	0	1	1	92748.4
8008	0	2	7	0	8	29	0	1	1	189638
8008	0	2	10	0	8	29	0	1	1	39052.6
8008	0	3	7	0	8	29	0	1	1	32917.9
8008	0	3	10	0	8	29	0	1	1	30744.6
8008	0	4	7	0	8	29	0	1	1	413064
8008	0	4	10	0	8	29	0	1	1	58659.5
8008	0	5	7	0	8	29	0	1	1	15910.7
8008	0	5	10	0	8	29	0	1	1	5628.27
8008	0	6	7	0	8	29	0	1	1	31879.3
8008	0	6	10	0	8	29	0	1	1	6247.16
8008	0	8	7	0	8	29	0	1	1	15152.3
8008	0	8	10	0	8	29	0	1	1	3547.86
8008	0	9	10	0	8	29	0	1	1	9.04905e+06
8008	0	9	7	0	8	29	0	1	1	205677
8012	0	1	2	0	8	29	0	1	1	334250
8012	0	1	6	0	8	29	0	1	1	42440.3
8012	0	3	2	0	8	29	0	1	1	312009
8012	0	3	6	0	8	29	0	1	1	15512.4
8012	0	4	2	0	8	29	0	1	1	26490.8
8012	0	4	6	0	8	29	0	1	1	13157.2
8012	0	5	6	0	8	29	0	1	1	174457
8012	0	5	2	0	8	29	0	1	1	92290.4
8012	0	7	2	0	8	29	0	1	1	189638
8012	0	7	6	0	8	29	0	1	1	31879.3
8012	0	8	6	0	8	29	0	1	1	531299
8012	0	8	2	0	8	29	0	1	1	17242
8012	0	9	2	0	8	29	0	1	1	81286.4
8012	0	9	6	0	8	29	0	1	1	8848.88
8012	0	10	2	0	8	29	0	1	1	39052.6
8012	0	10	6	0	8	29	0	1	1	6247.16
8016	0	1	9	0	8	29	0	1	1	175739
8016	0	1	8	0	8	29	0	1	1	17856
8016	0	2	9	0	8	29	0	1	1	81286.4
8016	0	2	8	0	8	29	0	1	1	17242
8016	0	3	9	0	8	29	0	1	1	58402.7
8016	0	3	8	0	8	29	0	1	1	5723.06
8016	0	4	9	0	8	29	0	1	1	58817.3
8016	0	4	8	0	8	29	0	1	1	9822.72
8016	0	5	8	0	8	29	0	1	1	31768.9
8016	0	5	9	0	8	29	0	1	1	8363.67
8016	0	6	8	0	8	29	0	1	1	531299
8016	0	6	9	0	8	29	0	1	1	8848.88
8016	0	7	9	0	8	29	0	1	1	205677
8016	0	7	8	0	8	29	0	1	1	15152.3
8016	0	10	9	0	8	29	0	1	1	9.04905e+06
8016	0	10	8	0	8	29	0	1	1	3547.86
8320	0	1	7	0	8	29	0	1	1	7.99831e+07
8320	0	1	6	0	8	29	0	1	1	42440.3
8320	0	1	8	0	8	29	0	1	1	17856
8320	0	2	7	0	8	29	0	1	1	189638
8320	0	2	6	0	8	29	0	1	1	67469.8
8320	0	2	8	0	8	29	0	1	1	17242
8320	0	3	7	0	8	29	0	1	1	32917.9
8320	0	3	6	0	8	29	0	1	1	15512.4
8320	0	3	8	0	8	29	0	1	1	5723.06
8320	0	4	7	0	8	29	0	1	1	413064
8320	0	4	6	0	8	29	0	1	1	13157.2
8320	0	4	8	0	8	29	0	1	1	9822.72
8320	0	5	6	0	8	29	0	1	1	174457
8320	0	5	8	0	8	29	0	1	1	31768.9
8320	0	5	7	0	8	29	0	1	1	15910.7
8320	0	9	7	0	8	29	0	1	1	205677
8320	0	9	6	0	8	29	0	1	1	8848.88
8320	0	9	8	0	8	29	0	1	1	4564.76
8320	0	10	7	0	8	29	0	1	1	116924
8320	0	10	6	0	8	29	0	1	1	6247.16
8320	0	10	8	0	8	29	0	1	1	3547.86
8324	0	1	10	0	8	29	0	1	1	92748.4
8324	0	1	3	0	8	29	0	1	1	41882.5
8324	0	1	2	0	8	29	0	1	0	4.77747
8324	0	1	9	0	8	29	0	1	0	1.32067
8324	0	4	10	0	8	29	0	1	1	58659.5
8324	0	4	3	0	8	29	0	1	1	9196.58
8324	0	4	9	0	8	29	0	1	0	5.57659
8324	0	4	2	0	8	29	0	1	0	1.13128
8324	0	5	3	0	8	29	0	1	1	41885.3
8324	0	5	10	0	8	29	0	1	1	5628.27
8324	0	5	2	0	8	29	0	1	0	27.7095
8324	0	5	9	0	8	29	0	1	0	0.22763
8324	0	6	3	0	8	29	0	1	1	15512.4
8324	0	6	10	0	8	29	0	1	1	6247.16
8324	0	6	2	0	8	29	0	1	0	19.1469
8324	0	6	9	0	8	29	0	1	0	0.32943
8324	0	7	10	0	8	29	0	1	1	116924
8324	0	7	3	0	8	29	0	1	1	32917.9
8324	0	7	9	0	8	29	0	1	0	2.7243
8324	0	7	2	0	8	29	0	1	0	2.31598
8324	0	8	3	0	8	29	0	1	1	5723.06
8324	0	8	10	0	8	29	0	1	1	3547.86
8324	0	8	2	0	8	29	0	1	0	9.48265
8324	0	8	9	0	8	29	0	1	0	0.664918
8332	0	2	1	0	8	29	0	1	1	334250
8332	0	3	1	0	8	29	0	1	1	41882.5
8332	0	4	1	0	8	29	0	1	1	228877
8332	0	5	1	0	8	29	0	1	1	21085.8
8332	0	6	1	0	8	29	0	1	1	42440.3
8332	0	7	1	0	8	29	0	1	1	7.99831e+07
8332	0	8	1	0	8	29	0	1	1	17856
8332	0	9	1	0	8	29	0	1	1	175739
8332	0	10	1	0	8	29	0	1	1	92748.4
8336	0	1	4	0	8	29	0	1	1	228877
8336	0	1	5	0	8	29	0	1	1	21085.8
8336	0	2	5	0	8	29	0	1	1	92290.4
8336	0	2	4	0	8	29	0	1	1	26490.8
8336	0	3	5	0	8	29	0	1	1	41885.3
8336	0	3	4	0	8	29	0	1	1	9196.58
8336	0	6	5	0	8	29	0	1	1	174457
8336	0	6	4	0	8	29	0	1	1	13157.2
8336	0	7	4	0	8	29	0	1	1	413064
8336	0	7	5	0	8	29	0	1	1	15910.7
8336	0	8	5	0	8	29	0	1	1	31768.9
8336	0	8	4	0	8	29	0	1	1	9822.72
8336	0	9	4	0	8	29	0	1	1	58817.3
8336	0	9	5	0	8	29	0	1	1	8363.67
8336	0	10	4	0	8	29	0	1	1	58659.5
8336	0	10	5	0	8	29	0	1	1	5628.27
8644	0	1	10	0	8	29	0	1	1	92748.4
8644	0	2	10	0	8	29	0	1	1	39052.6
8644	0	3	10	0	8	29	0	1	1	30744.6
8644	0	4	10	0	8	29	0	1	1	58659.5
8644	0	5	10	0	8	29	0	1	1	5628.27
8644	0	6	10	0	8	29	0	1	1	6247.16
8644	0	7	10	0	8	29	0	1	1	116924
8644	0	8	10	0	8	29	0	1	1	3547.86
8644	0	9	10	0	8	29	0	1	1	9.04905e+06
8648	0	1	3	0	8	29	0	1	1	41882.5
8648	0	1	5	0	8	29	0	1	1	21085.8
8648	0	1	8	0	8	29	0	1	1	17856
8648	0	2	3	0	8	29	0	1	1	312009
8648	0	2	5	0	8	29	0	1	1	92290.4
8648	0	2	8	0	8	29	0	1	1	17242
8648	0	4	8	0	8	29	0	1	1	9822.72
8648	0	4	3	0	8	29	0	1	1	9196.58
8648	0	4	5	0	8	29	0	1	1	5890.32
8648	0	6	8	0	8	29	0	1	1	531299
8648	0	6	5	0	8	29	0	1	1	174457
8648	0	6	3	0	8	29	0	1	1	15512.4
8648	0	7	3	0	8	29	0	1	1	32917.9
8648	0	7	5	0	8	29	0	1	1	15910.7
8648	0	7	8	0	8	29	0	1	1	15152.3
8648	0	9	3	0	8	29	0	1	1	58402.7
8648	0	9	5	0	8	29	0	1	1	8363.67
8648	0	9	8	0	8	29	0	1	1	4564.76
8648	0	10	3	0	8	29	0	1	1	30744.6
8648	0	10	5	0	8	29	0	1	1	5628.27
8648	0	10	8	0	8	29	0	1	1	3547.86
8652	0	1	2	0	8	29	0	1	0	3.66829
8652	0	1	4	0	8	29	0	1	0	1.72
8652	0	3	2	0	8	29	0	1	0	85.1965
8652	0	3	4	0	8	29	0	1	0	0.0740382
8652	0	5	2	0	8	29	0	1	0	39.3398
8652	0	5	4	0	8	29	0	1	0	0.160314
8652	0	6	2	0	8	29	0	1	0	12.8785
8652	0	6	4	0	8	29	0	1	0	0.48982
8652	0	7	4	0	8	29	0	1	0	5.47125
8652	0	7	2	0	8	29	0	1	0	1.1532
8652	0	8	2	0	8	29	0	1	0	4.40803
8652	0	8	4	0	8	29	0	1	0	1.43081
8652	0	9	2	0	8	29	0	1	0	3.47132
8652	0	9	4	0	8	29	0	1	0	1.8175
8652	0	10	4	0	8	29	0	1	0	3.77278
8652	0	10	2	0	8	29	0	1	0	1.67222
8656	0	2	1	0	8	29	0	1	1	334250
8656	0	2	7	0	8	29	0	1	1	189638
8656	0	2	9	0	8	29	0	1	1	81286.4
8656	0	2	6	0	8	29	0	1	1	67469.8
8656	0	3	9	0	8	29	0	1	1	58402.7
8656	0	3	1	0	8	29	0	1	1	41882.5
8656	0	3	7	0	8	29	0	1	1	32917.9
8656	0	3	6	0	8	29	0	1	1	15512.4
8656	0	4	7	0	8	29	0	1	1	413064
8656	0	4	1	0	8	29	0	1	1	228877
8656	0	4	9	0	8	29	0	1	1	58817.3
8656	0	4	6	0	8	29	0	1	1	13157.2
8656	0	5	6	0	8	29	0	1	1	174457
8656	0	5	1	0	8	29	0	1	1	21085.8
8656	0	5	7	0	8	29	0	1	1	15910.7
8656	0	5	9	0	8	29	0	1	1	8363.67
8656	0	8	6	0	8	29	0	1	1	531299
8656	0	8	1	0	8	29	0	1	1	17856
8656	0	8	7	0	8	29	0	1	1	15152.3
8656	0	8	9	0	8	29	0	1	1	4564.76
8656	0	10	9	0	8	29	0	1	1	9.04905e+06
8656	0	10	7	0	8	29	0	1	1	116924
8656	0	10	1	0	8	29	0	1	1	92748.4
8656	0	10	6	0	8	29	0	1	1	6247.16
8960	0	1	4	0	8	29	0	1	1	228877
8960	0	1	9	0	8	29	0	1	1	175739
8960	0	2	9	0	8	29	0	1	1	81286.4
8960	0	2	4	0	8	29	0	1	1	26490.8
8960	0	3	9	0	8	29	0	1	1	58402.7
8960	0	3	4	0	8	29	0	1	1	9196.58
8960	0	5	9	0	8	29	0	1	1	8363.67
8960	0	5	4	0	8	29	0	1	1	5890.32
8960	0	6	4	0	8	29	0	1	1	13157.2
8960	0	6	9	0	8	29	0	1	1	8848.88
8960	0	7	4	0	8	29	0	1	1	413064
8960	0	7	9	0	8	29	0	1	1	205677
8960	0	8	4	0	8	29	0	1	1	9822.72
8960	0	8	9	0	8	29	0	1	1	4564.76
8960	0	10	9	0	8	29	0	1	1	9.04905e+06
8960	0	10	4	0	8	29	0	1	1	58659.5
8964	0	1	7	0	8	29	0	1	0	9526.99
8964	0	1	5	0	8	29	0	1	0	0.000662205
8964	0	2	7	0	8	29	0	1	0	5.16127
8964	0	2	5	0	8	29	0	1	0	1.22244
8964	0	3	5	0	8	29	0	1	0	3.19593
8964	0	3	7	0	8	29	0	1	0	1.97399
8964	0	4	7	0	8	29	0	1	0	176.073
8964	0	4	5	0	8	29	0	1	0	0.0358195
8964	0	6	5	0	8	29	0	1	0	13.745
8964	0	6	7	0	8	29	0	1	0	0.459001
8964	0	8	5	0	8	29	0	1	0	5.26565
8964	0	8	7	0	8	29	0	1	0	1.19796
8964	0	9	7	0	8	29	0	1	0	61.753
8964	0	9	5	0	8	29	0	1	0	0.102142
8964	0	10	7	0	8	29	0	1	0	52.1596
8964	0	10	5	0	8	29	0	1	0	0.12091
8968	0	2	1	0	8	29	0	1	1	334250
8968	0	2	10	0	8	29	0	1	1	39052.6
8968	0	3	1	0	8	29	0	1	1	41882.5
8968	0	3	10	0	8	29	0	1	1	30744.6
8968	0	4	1	0	8	29	0	1	1	228877
8968	0	4	10	0	8	29	0	1	1	58659.5
8968	0	5	1	0	8	29	0	1	1	21085.8
8968	0	5	10	0	8	29	0	1	1	5628.27
8968	0	6	1	0	8	29	0	1	1	42440.3
8968	0	6	10	0	8	29	0	1	1	6247.16
8968	0	7	1	0	8	29	0	1	1	7.99831e+07
8968	0	7	10	0	8	29	0	1	1	116924
8968	0	8	1	0	8	29	0	1	1	17856
8968	0	8	10	0	8	29	0	1	1	3547.86
8968	0	9	10	0	8	29	0	1	1	9.04905e+06
8968	0	9	1	0	8	29	0	1	1	175739
8972	0	1	2	0	8	29	0	1	1	334250
8972	0	1	3	0	8	29	0	1	1	41882.5
8972	0	4	2	0	8	29	0	1	1	26490.8
8972	0	4	3	0	8	29	0	1	1	9196.58
8972	0	5	2	0	8	29	0	1	1	92290.4
8972	0	5	3	0	8	29	0	1	1	41885.3
8972	0	6	2	0	8	29	0	1	1	67469.8
8972	0	6	3	0	8	29	0	1	1	15512.4
8972	0	7	2	0	8	29	0	1	1	189638
8972	0	7	3	0	8	29	0	1	1	32917.9
8972	0	8	2	0	8	29	0	1	1	17242
8972	0	8	3	0	8	29	0	1	1	5723.06
8972	0	9	2	0	8	29	0	1	1	81286.4
8972	0	9	3	0	8	29	0	1	1	58402.7
8972	0	10	2	0	8	29	0	1	1	39052.6
8972	0	10	3	0	8	29	0	1	1	30744.6
8976	0	1	6	0	8	29	0	1	0	5.96944
8976	0	1	8	0	8	29	0	1	0	1.05677
8976	0	2	6	0	8	29	0	1	0	9.82786
8976	0	2	8	0	8	29	0	1	0	0.641891
8976	0	3	6	0	8	29	0	1	0	6.80548
8976	0	3	8	0	8	29	0	1	0	0.926575
8976	0	4	6	0	8	29	0	1	0	3.36372
8976	0	4	8	0	8	29	0	1	0	1.87494
8976	0	5	6	0	8	29	0	1	0	13.7928
8976	0	5	8	0	8	29	0	1	0	0.457411
8976	0	7	6	0	8	29	0	1	0	5.28395
8976	0	7	8	0	8	29	0	1	0	1.19381
8976	0	9	6	0	8	29	0	1	0	4.86666
8976	0	9	8	0	8	29	0	1	0	1.29541
8976	0	10	6	0	8	29	0	1	0	4.41987
8976	0	10	8	0	8	29	0	1	0	1.42597
9280	0	1	10	0	8	29	0	1	1	92748.4
9280	0	2	10	0	8	29	0	1	1	39052.6
9280	0	3	10	0	8	29	0	1	1	30744.6
9280	0	4	10	0	8	29	0	1	1	58659.5
9280	0	5	10	0	8	29	0	1	1	5628.27
9280	0	6	10	0	8	29	0	1	1	6247.16
9280	0	7	10	0	8	29	0	1	1	116924
9280	0	8	10	0	8	29	0	1	1	3547.86
9280	0	9	10	0	8	29	0	1	1	9.04905e+06
9284	0	2	1	0	8	29	0	1	1	334250
9284	0	3	1	0	8	29	0	1	1	41882.5
9284	0	4	1	0	8	29	0	1	1	228877
9284	0	5	1	0	8	29	0	1	1	21085.8
9284	0	6	1	0	8	29	0	1	1	42440.3
9284	0	7	1	0	8	29	0	1	1	7.99831e+07
9284	0	8	1	0	8	29	0	1	1	17856
9284	0	9	1	0	8	29	0	1	1	175739
9284	0	10	1	0	8	29	0	1	1	92748.4
9288	0	1	4	0	8	29	0	1	1	228877
9288	0	1	2	0	8	29	0	1	0	20.0453
9288	0	1	3	0	8	29	0	1	0	0.314744
9288	0	5	4	0	8	29	0	1	1	5890.32
9288	0	5	2	0	8	29	0	1	0	5.53437
9288	0	5	3	0	8	29	0	1	0	1.13997
9288	0	6	4	0	8	29	0	1	1	13157.2
9288	0	6	2	0	8	29	0	1	0	10.9235
9288	0	6	3	0	8	29	0	1	0	0.577501
9288	0	7	4	0	8	29	0	1	1	413064
9288	0	7	2	0	8	29	0	1	0	14.4697
9288	0	7	3	0	8	29	0	1	0	0.436015
9288	0	8	4	0	8	29	0	1	1	9822.72
9288	0	8	2	0	8	29	0	1	0	7.56428
9288	0	8	3	0	8	29	0	1	0	0.83364
9288	0	9	4	0	8	29	0	1	1	58817.3
9288	0	9	2	0	8	29	0	1	0	3.49596
9288	0	9	3	0	8	29	0	1	0	1.80469
9288	0	10	4	0	8	29	0	1	1	58659.5
9288	0	10	2	0	8	29	0	1	0	3.1904
9288	0	10	3	0	8	29	0	1	0	1.97738
9292	0	1	7	0	8	29	0	1	1	7.99831e+07
9292	0	1	9	0	8	29	0	1	1	175739
9292	0	1	8	0	8	29	0	1	1	17856
9292	0	2	7	0	8	29	0	1	1	189638
9292	0	2	9	0	8	29	0	1	1	81286.4
9292	0	2	8	0	8	29	0	1	1	17242
9292	0	3	9	0	8	29	0	1	1	58402.7
9292	0	3	7	0	8	29	0	1	1	32917.9
9292	0	3	8	0	8	29	0	1	1	5723.06
9292	0	4	7	0	8	29	0	1	1	413064
9292	0	4	9	0	8	29	0	1	1	58817.3
9292	0	4	8	0	8	29	0	1	1	9822.72
9292	0	5	8	0	8	29	0	1	1	31768.9
9292	0	5	7	0	8	29	0	1	1	15910.7
9292	0	5	9	0	8	29	0	1	1	8363.67
9292	0	6	8	0	8	29	0	1	1	531299
9292	0	6	7	0	8	29	0	1	1	31879.3
9292	0	6	9	0	8	29	0	1	1	8848.88
9292	0	10	9	0	8	29	0	1	1	9.04905e+06
9292	0	10	7	0	8	29	0	1	1	116924
9292	0	10	8	0	8	29	0	1	1	3547.86
9296	0	1	6	0	8	29	0	1	1	42440.3
9296	0	1	5	0	8	29	0	1	1	21085.8
9296	0	2	5	0	8	29	0	1	1	92290.4
9296	0	2	6	0	8	29	0	1	1	67469.8
9296	0	3	5	0	8	29	0	1	1	41885.3
9296	0	3	6	0	8	29	0	1	1	15512.4
9296	0	4	6	0	8	29	0	1	1	13157.2
9296	0	4	5	0	8	29	0	1	1	5890.32
9296	0	7	6	0	8	29	0	1	1	31879.3
9296	0	7	5	0	8	29	0	1	1	15910.7
9296	0	8	6	0	8	29	0	1	1	531299
9296	0	8	5	0	8	29	0	1	1	31768.9
9296	0	9	6	0	8	29	0	1	1	8848.88
9296	0	9	5	0	8	29	0	1	1	8363.67
9296	0	10	6	0	8	29	0	1	1	6247.16
9296	0	10	5	0	8	29	0	1	1	5628.27
9604	0	1	7	0	8	29	0	1	1	7.99831e+07
9604	0	2	7	0	8	29	0	1	1	189638
9604	0	3	7	0	8	29	0	1	1	32917.9
9604	0	4	7	0	8	29	0	1	1	413064
9604	0	5	7	0	8	29	0	1	1	15910.7
9604	0	6	7	0	8	29	0	1	1	31879.3
9604	0	8	7	0	8	29	0	1	1	15152.3
9604	0	9	7	0	8	29	0	1	1	205677
9604	0	10	7	0	8	29	0	1	1	116924
9608	0	3	2	0	8	29	0	1	1	312009
9608	0	3	1	0	8	29	0	1	1	41882.5
9608	0	3	10	0	8	29	0	1	1	30744.6
9608	0	3	8	0	8	29	0	1	1	5723.06
9608	0	3	5	0	8	29	0	1	0	6.78131
9608	0	3	6	0	8	29	0	1	0	0.930229
9608	0	4	1	0	8	29	0	1	1	228877
9608	0	4	10	0	8	29	0	1	1	58659.5
9608	0	4	2	0	8	29	0	1	1	26490.8
9608	0	4	8	0	8	29	0	1	1	9822.72
9608	0	4	6	0	8	29	0	1	0	5.60839
9608	0	4	5	0	8	29	0	1	0	1.12433
9608	0	7	1	0	8	29	0	1	1	7.99831e+07
9608	0	7	2	0	8	29	0	1	1	189638
9608	0	7	10	0	8	29	0	1	1	116924
9608	0	7	8	0	8	29	0	1	1	15152.3
9608	0	7	6	0	8	29	0	1	0	5.03213
9608	0	7	5	0	8	29	0	1	0	1.25356
9608	0	9	10	0	8	29	0	1	1	9.04905e+06
9608	0	9	1	0	8	29	0	1	1	175739
9608	0	9	2	0	8	29	0	1	1	81286.4
9608	0	9	8	0	8	29	0	1	1	4564.76
9608	0	9	6	0	8	29	0	1	0	2.65681
9608	0	9	5	0	8	29	0	1	0	2.37348
9612	0	1	4	0	8	29	0	1	1	228877
9612	0	1	9	0	8	29	0	1	0	10.5392
9612	0	1	3	0	8	29	0	1	0	0.59863
9612	0	2	4	0	8	29	0	1	1	26490.8
9612	0	2	3	0	8	29	0	1	0	9.6413
9612	0	2	9	0	8	29	0	1	0	0.654406
9612	0	5	4	0	8	29	0	1	1	5890.32
9612	0	5	3	0	8	29	0	1	0	12.5758
9612	0	5	9	0	8	29	0	1	0	0.501544
9612	0	6	4	0	8	29	0	1	1	13157.2
9612	0	6	3	0	8	29	0	1	0	4.40216
9612	0	6	9	0	8	29	0	1	0	1.43265
9612	0	7	4	0	8	29	0	1	1	413064
9612	0	7	9	0	8	29	0	1	0	15.6935
9612	0	7	3	0	8	29	0	1	0	0.402014
9612	0	8	4	0	8	29	0	1	1	9822.72
9612	0	8	3	0	8	29	0	1	0	3.14754
9612	0	8	9	0	8	29	0	1	0	2.00262
9612	0	10	4	0	8	29	0	1	1	58659.5
9612	0	10	9	0	8	29	0	1	0	739.263
9612	0	10	3	0	8	29	0	1	0	0.00853425
9920	0	1	8	0	8	29	0	1	1	17856
9920	0	2	8	0	8	29	0	1	1	17242
9920	0	3	8	0	8	29	0	1	1	5723.06
9920	0	4	8	0	8	29	0	1	1	9822.72
9920	0	5	8	0	8	29	0	1	1	31768.9
9920	0	6	8	0	8	29	0	1	1	531299
9920	0	7	8	0	8	29	0	1	1	15152.3
9920	0	9	8	0	8	29	0	1	1	4564.76
9920	0	10	8	0	8	29	0	1	1	3547.86
9924	0	1	9	0	8	29	0	1	1	175739
9924	0	1	3	0	8	29	0	1	1	41882.5
9924	0	2	3	0	8	29	0	1	1	312009
9924	0	2	9	0	8	29	0	1	1	81286.4
9924	0	4	9	0	8	29	0	1	1	58817.3
9924	0	4	3	0	8	29	0	1	1	9196.58
9924	0	5	3	0	8	29	0	1	1	41885.3
9924	0	5	9	0	8	29	0	1	1	8363.67
9924	0	6	3	0	8	29	0	1	1	15512.4
9924	0	6	9	0	8	29	0	1	1	8848.88
9924	0	7	9	0	8	29	0	1	1	205677
9924	0	7	3	0	8	29	0	1	1	32917.9
9924	0	8	3	0	8	29	0	1	1	5723.06
9924	0	8	9	0	8	29	0	1	1	4564.76
9924	0	10	9	0	8	29	0	1	1	9.04905e+06
9924	0	10	3	0	8	29	0	1	1	30744.6
9928	0	1	4	0	8	29	0	1	0	4.2526
9928	0	1	10	0	8	29	0	1	0	0.858667
9928	0	1	6	0	8	29	0	1	0	0.331454
9928	0	2	6	0	8	29	0	1	0	2.58561
9928	0	2	10	0	8	29	0	1	0	1.04398
9928	0	2	4	0	8	29	0	1	0	0.624662
9928	0	3	10	0	8	29	0	1	0	3.12515
9928	0	3	6	0	8	29	0	1	0	0.975506
9928	0	3	4	0	8	29	0	1	0	0.499374
9928	0	5	6	0	8	29	0	1	0	38.036
9928	0	5	4	0	8	29	0	1	0	0.0821588
9928	0	5	10	0	8	29	0	1	0	0.0783896
9928	0	7	4	0	8	29	0	1	0	6.97265
9928	0	7	10	0	8	29	0	1	0	0.660078
9928	0	7	6	0	8	29	0	1	0	0.151092
9928	0	8	6	0	8	29	0	1	0	99.7947
9928	0	8	4	0	8	29	0	1	0	0.0461318
9928	0	8	10	0	8	29	0	1	0	0.0164691
9928	0	9	10	0	8	29	0	1	0	335.904
9928	0	9	4	0	8	29	0	1	0	0.0163109
9928	0	9	6	0	8	29	0	1	0	0.00244046
9932	0	1	7	0	8	29	0	1	1	7.99831e+07
9932	0	1	5	0	8	29	0	1	1	21085.8
9932	0	2	7	0	8	29	0	1	1	189638
9932	0	2	5	0	8	29	0	1	1	92290.4
9932	0	3	5	0	8	29	0	1	1	41885.3
9932	0	3	7	0	8	29	0	1	1	32917.9
9932	0	4	7	0	8	29	0	1	1	413064
9932	0	4	5	0	8	29	0	1	1	5890.32
9932	0	6	5	0	8	29	0	1	1	174457
9932	0	6	7	0	8	29	0	1	1	31879.3
9932	0	8	5	0	8	29	0	1	1	31768.9
9932	0	8	7	0	8	29	0	1	1	15152.3
9932	0	9	7	0	8	29	0	1	1	205677
9932	0	9	5	0	8	29	0	1	1	8363.67
9932	0	10	7	0	8	29	0	1	1	116924
9932	0	10	5	0	8	29	0	1	1	5628.27
9936	0	3	2	0	8	29	0	1	1	312009
9936	0	3	1	0	8	29	0	1	1	41882.5
9936	0	4	1	0	8	29	0	1	1	228877
9936	0	4	2	0	8	29	0	1	1	26490.8
9936	0	5	2	0	8	29	0	1	1	92290.4
9936	0	5	1	0	8	29	0	1	1	21085.8
9936	0	6	2	0	8	29	0	1	1	67469.8
9936	0	6	1	0	8	29	0	1	1	42440.3
9936	0	7	1	0	8	29	0	1	1	7.99831e+07
9936	0	7	2	0	8	29	0	1	1	189638
9936	0	8	1	0	8	29	0	1	1	17856
9936	0	8	2	0	8	29	0	1	1	17242
9936	0	9	1	0	8	29	0	1	1	175739
9936	0	9	2	0	8	29	0	1	1	81286.4
9936	0	10	1	0	8	29	0	1	1	92748.4
9936	0	10	2	0	8	29	0	1	1	39052.6
